-0.00668718
-0.00842333
-0.0165442
-0.00051832
-8.42658e-05
-0.00157451
-0.00879945
-0.00246972
0.00120789
0.00621924
0.00272933
-0.00277833
-0.0116004
-0.00821159
0.00325637
-0.0117888
-0.0105421
0.00343967
-0.00373151
0.00209642
0.00174618
-0.00338047
0.00254446
-0.00761628
0.000542459
-0.000211563
0.0175685
-0.0115021
0.00121589
0.00520374
0.00105756
0.00217182
-0.0171894
-0.00190403
-0.0148244
0.00326284
-0.00176569
-0.0117993
-0.00792421
-0.00464385
0.00481804
0.000240892
-0.00334885
-0.0136522
-0.00195788
-0.000298351
0.0021221
0.008408
-0.00291741
0.00432389
0.00754533
0.00718339
-0.00697522
0.000723851
0.00462146
0.000312876
-0.00904388
0.0588832
-0.000307904
0.000589336
-0.00342897
0.00515658
-0.00608518
-0.00231964
0.00399057
-0.00208327
-0.00948428
-0.000932548
-0.00779578
0.0101798
0.0062411
-0.00192857
0.00295369
-0.00326831
0.00680056
-0.0026737
-8.25575e-05
0.00144895
-0.00522849
-0.00221239
-0.00135278
0.00607566
-0.00226947
0.000354802
-0.00237518
0.00296492
-0.00147308
0.00145731
0.00412464
-0.00980219
0.00448034
0.00386062
0.00210102
-0.000745618
-0.00481047
-0.00552628
-0.00192095
0.0090842
-0.00279749
-0.000779285
0.000108806
0.000311942
-0.000279217
0.0020647
-0.00301834
-0.00206019
-0.00328207
-0.00128842
-0.00433259
0.0123488
0.000486756
-0.00273954
0.00223991
0.00889948
-0.00104078
-0.00127107
0.00569845
-0.00601951
-0.0115575
0.00366471
-0.0115696
0.00264055
-0.00404379
0.00981837
-0.000540476
0.00541924
0.0025873
-0.000241517
-0.000427283
-0.00238643
0.00586124
0.0168874
0.000726847
-0.000825154
0.00154617
-0.00339312
-0.00539324
-0.00997831
-0.0020849
-0.00187663
-0.00287541
0.00170084
-0.0105072
0.00417379
0.00609918
-0.00692767
0.00835836
-0.00157705
0.00391382
0.0206926
-0.00479927
0.00118391
0.00118782
-0.00441026
-0.00653263
0.000737638
0.00530718
0.000540928
0.0010194
0.00900569
0.00202073
-0.0138924
0.00408836
0.00227046
-0.00429965
0.00123015
0.00173172
-0.00100437
-0.00165318
0.00265249
0.00188906
0.118731
0.0140341
-0.00608394
-0.00937119
-0.0059052
-0.00377186
-0.00931339
-0.00465555
-0.00240691
-0.00555456
-0.00668695
-0.00366873
0.00256292
-0.00198681
0.00752719
-0.0065841
0.0112558
-0.0109966
-0.00370522
-0.00445611
-0.0100839
0.00924187
-1.18391e-06
0.00452167
-0.000930349
0.00404984
0.00475912
0.00828874
0.00136934
0.000555631
0.00138368
0.00469694
-7.9217e-05
0.00557512
0.00221981
0.00625328
-0.00945143
0.00715329
0.00438702
0.00674508
-0.00104211
-0.00309829
-0.00374794
-0.00101065
0.00274022
-0.00231462
-0.00196102
-0.00474912
0.000323614
-0.00740637
0.0037707
-0.00713542
0.00529695
0.00328962
-5.94645e-05
0.00287333
-0.00761478
-0.00253235
0.0117403
-0.00195208
0.00329996
-0.00184578
0.00486728
0.00477141
0.000337786
-2.77708e-05
-0.000180138
-0.0130403
0.0110925
0.000790026
-0.00365085
0.0135128
0.0064292
0.00709907
0.00876723
0.0061502
-0.00525801
0.0017359
-0.00564542
-0.00110696
-0.0195216
-0.0267362
-0.00372109
-0.000354638
-0.0167796
0.000995219
0.0148258
-0.00988896
-0.0170946
0.00244175
-0.0102675
0.00257904
0.00468025
0.0185458
-0.00285993
-0.00291539
0.000626344
-0.00311544
0.00465596
0.00198895
0.00181749
0.000826999
0.00428237
-0.0038444
-0.0168306
0.00494403
-0.00256672
0.000545346
-0.00457645
-0.00145033
-0.0150361
-0.00220079
-0.170684
2.48508
3.66036
1.89138
2.18142
2.58833
2.49375
2.11047
2.23802
1.23839
2.57671
1.84543
2.14878
2.25382
1.18386
2.18266
2.38136
2.48669
1.28438
2.04914
2.66576
2.36378
1.21773
2.2613
1.95482
2.45381
2.31644
2.29466
1.10059
2.57532
-1.3666
-3.67903
-2.7031
-1.48676
-2.89135
-2.39933
-1.62645
-2.14795
-2.47621
-2.5158
-1.50128
-2.33904
-2.60488
-2.51641
-2.36519
-1.03509
-2.2182
-2.26085
-2.38277
-1.09677
-2.50913
-2.56518
-2.29717
-2.01712
-2.48918
-2.48901
-2.65912
-1.0103
-2.4363
0.0368119
4.59698
2.36146
1.86125
1.18742
2.22122
2.30208
1.90223
1.89651
2.54089
2.10223
1.3635
2.20935
2.40052
1.99951
2.52823
1.05465
2.46072
2.18284
2.49892
2.27095
2.52893
1.05962
2.9478
2.07214
2.6089
2.1504
2.29138
2.06735
0.398072
-2.3772
-3.3946
-1.81656
-2.18672
-1.1768
-2.88636
-2.24132
-2.44084
-2.41566
-2.5308
-2.58179
-2.30534
-2.71749
-2.04994
-2.47319
-0.965997
-2.32844
-2.08538
-2.43546
-2.34481
-1.40025
-2.05984
-2.38568
-1.63886
-2.74296
-2.52501
-2.59376
-1.13535
0.554534
2.5305
1.44484
2.26263
2.28533
2.1276
2.36103
2.15191
2.21306
1.08809
2.60389
2.29509
2.19275
0.994629
2.39314
2.12757
2.43918
1.08111
2.5105
2.20604
2.45123
2.25419
2.66186
0.848352
2.69799
2.33139
2.56316
1.16722
2.46738
2.46139
0.184657
-0.387767
-3.08876
-1.95603
-2.27917
-0.93969
-2.42558
-2.82863
-2.49068
-2.28944
-0.913666
-2.73676
-2.12707
-2.77256
-2.34529
-2.4191
-0.971556
-2.39367
-1.97533
-2.27062
-2.07601
-1.2441
-2.46472
-2.54535
-2.04124
-2.33058
-2.70821
-2.25457
-2.11468
-1.01158
1.74239
2.99073
1.96214
1.33007
2.6553
1.22705
2.35989
1.86614
2.17558
2.40876
2.4165
1.92536
1.13108
1.98024
2.34046
2.38394
2.33884
1.0925
2.5633
2.1214
2.52351
2.51777
1.37626
2.15703
2.21572
2.29093
1.17739
2.61361
2.0325
3.19335
-1.98188
-3.25641
-2.51777
-1.96693
-1.34468
-3.20891
-2.73255
-2.15352
-2.58628
-2.45724
-1.37072
-2.31129
-2.68499
-2.3948
-1.26566
-2.22977
-2.33773
-2.23233
-1.20837
-2.21515
-2.40385
-2.51604
-2.22625
-1.97049
-1.22268
-2.65895
-2.65903
-2.23967
-2.29343
-0.274579
3.03144
2.68304
2.44166
1.91795
2.51643
2.15666
2.16198
1.76183
2.56329
2.25015
2.28814
1.0147
2.41849
1.93826
2.50368
1.08709
2.36701
2.37186
2.4059
2.2193
2.62986
1.15405
2.49994
2.47037
2.48228
2.03245
2.64695
2.29148
1.99325
-2.61738
-2.69146
-2.13347
-2.16153
-1.28705
-2.69838
-2.46356
-2.33582
-1.19409
-2.72246
-2.42076
-2.48643
-2.67233
-2.09798
-2.47145
-1.16642
-2.20109
-2.31028
-2.38214
-1.13214
-2.36431
-2.44798
-1.57443
-2.52709
-2.2245
-3.02679
-2.53739
-2.51004
0.624671
2.6686
2.45178
1.01766
2.35519
2.32184
2.27941
2.09379
2.08942
1.14819
2.53593
2.05862
2.27196
2.1879
2.16279
2.31346
1.17888
2.36599
2.41518
2.28806
2.36349
2.6082
2.06646
2.6417
2.18389
1.44619
2.18025
2.55399
2.32822
-0.218393
-0.217136
-3.40798
-1.898
-2.6877
-2.04941
-3.02451
-2.16515
-2.58508
-1.00318
-2.33839
-2.62403
-2.61456
-2.21875
-1.22204
-2.43796
-2.44158
-1.96636
-2.58952
-2.05339
-2.35201
-2.47095
-1.38102
-3.23285
-1.14345
-2.22853
-2.853
-2.29345
-2.47247
0.0636033
2.89978
2.82685
1.87016
2.31868
1.10886
2.37114
2.05436
2.2267
2.14187
2.59385
1.86536
2.36122
0.950266
2.19821
2.16393
2.50342
2.30352
2.57253
1.05579
2.5188
2.29321
2.64149
1.8792
2.18697
1.22777
2.28362
2.53051
2.38038
1.6535
-3.69538
-1.30165
-2.53509
-2.02227
-4.10808
-1.42612
-2.5204
-2.49172
-2.52062
-2.65434
-2.27182
-1.29208
-2.70371
-2.48436
-1.96739
-2.31614
-1.20031
-2.3331
-2.17541
-2.62796
-2.3538
-1.09848
-2.03976
-2.50207
-2.50197
-2.7674
-2.00081
-2.10876
0.765823
2.42724
1.20352
3.03706
1.14478
3.4392
2.35642
1.72669
2.16998
2.44071
2.30437
2.06062
2.25549
2.00849
1.20722
2.37058
2.43288
2.31493
1.19178
2.33425
2.45147
2.366
2.68652
2.27543
2.59751
0.795353
3.62264
2.33402
0.944293
-2.61827
-1.69212
-2.16704
-1.97323
-2.97442
-2.12596
-2.61331
-2.49592
-2.51458
-2.48348
-2.49012
-2.6697
-2.07265
-2.50602
-2.05952
-2.43559
-2.1616
-2.37198
-2.46731
-2.15572
-1.75942
-2.52
-2.42353
-2.57557
-2.41034
-1.82625
0.0156109
1.98898
2.87353
2.15694
2.22049
2.24773
2.2795
2.12909
2.13361
2.67679
2.19173
2.15362
2.0351
2.6673
2.43862
2.76143
2.41088
2.38888
2.33283
2.33463
2.62225
1.15614
2.46418
2.36503
2.36589
2.09626
2.39271
3.92132
-0.231139
-2.65732
-1.70581
-1.80183
-2.68898
-2.20823
-2.92093
-1.15292
-1.84963
-2.61925
-2.68719
-1.33569
-2.20065
-2.54074
-2.51362
-2.30759
-2.39017
-2.06777
-2.5795
-2.03786
-2.41989
-2.73361
-2.20012
-2.23392
-2.26244
-2.82848
-2.18855
-2.15213
-0.787844
2.55601
2.9122
2.18253
2.68694
2.41153
2.31669
1.87932
2.3097
2.24941
2.39468
1.95198
2.41548
1.81855
1.08988
2.28054
2.57115
2.37401
2.35584
0.988973
2.59766
2.00926
2.1744
2.68722
2.46241
1.50751
1.97475
2.56407
2.21018
1.49772
-3.34345
-2.79202
-1.29141
-1.8117
-2.65587
-2.56305
-2.74238
-2.08886
-2.70947
-2.62069
-1.37437
-2.21212
-2.81788
-2.27701
-2.36976
-0.941795
-2.35373
-2.24868
-2.23681
-2.13019
-2.63499
-2.289
-1.12084
-2.12608
-2.68677
-2.48131
-2.53319
-2.22564
-0.0819028
3.3117
2.64266
2.31641
1.77375
2.40096
2.36347
2.03407
1.80136
2.62586
2.32958
2.16001
2.24242
1.11734
2.06889
2.51803
2.19913
2.5584
2.34312
2.30234
2.51029
2.27346
2.75476
2.32111
2.505
1.98087
2.43516
2.15965
0.164344
-3.48897
-2.15604
-2.44731
-2.25677
-2.71147
-2.48784
-1.38572
-2.2581
-2.69939
-2.33467
-2.60186
-1.05389
-2.77223
-2.04847
-2.48904
-2.20242
-2.36145
-1.08731
-2.3644
-2.32465
-2.64123
-1.52026
-2.45076
-2.18166
-2.8387
-2.24785
-2.33725
-0.469406
0.159806
2.6841
2.35162
2.25799
2.18988
2.378
2.09567
2.2851
2.29694
2.3879
1.16395
2.14227
2.13609
2.34087
2.25666
2.27181
2.47596
2.40736
2.49965
2.12891
2.56286
2.37293
1.36787
2.18911
2.66334
1.8908
2.66742
0.800757
0.437364
-1.47833
-3.51412
-1.81679
-2.50233
-0.958886
-2.99938
-2.25637
-2.17766
-2.51709
-2.69534
-2.14939
-1.31104
-2.44455
-2.48727
-2.19701
-2.42716
-2.10445
-2.57546
-1.84678
-2.46451
-2.63245
-2.23337
-2.26487
-2.2457
-2.82154
-2.1513
-2.34771
-0.211506
2.78965
3.01476
2.05355
2.03396
2.41829
2.39327
1.91267
2.29423
2.34858
2.32621
2.01634
2.37377
2.20153
2.17502
2.30648
2.28466
2.66626
2.09072
2.56507
2.02256
2.51617
2.42379
2.54577
1.08116
2.08379
2.52337
2.70454
0.999389
-1.34503
-3.49217
-2.38105
-1.93171
-2.93593
-2.41894
-1.27194
-2.19249
-2.62605
-2.50441
-2.82075
-2.17568
-1.41439
-2.44902
-2.43038
-1.96245
-2.36603
-2.32143
-2.24833
-2.21461
-1.38368
-2.32038
-2.47619
-1.93869
-2.41435
-2.76571
-2.35657
-2.34056
-0.358781
2.68535
2.89134
2.38281
1.73114
2.42801
1.98755
2.02703
2.14979
2.50866
2.26538
2.21356
2.13118
2.29482
1.0177
2.3187
2.26778
2.38639
2.28588
2.51704
2.21592
2.68938
2.31424
2.57477
2.57849
1.22857
1.98553
2.68035
3.0517
0.427306
-1.86292
-3.42268
-1.97575
-1.28439
-2.07271
-3.04717
-2.1844
-2.50703
-2.56549
-2.48172
-1.19995
-2.45433
-2.63173
-2.3557
-2.36138
-2.1224
-2.29057
-2.26582
-1.15627
-2.08828
-2.8034
-1.78653
-2.17063
-1.38429
-2.16765
-2.88691
-2.26739
-2.41738
-0.132229
1.79104
2.84775
2.26553
5.60864
2.09444
2.37669
1.05097
2.21918
2.36311
2.06532
2.16053
2.36185
2.08596
2.46469
2.1978
2.60756
1.0676
2.40066
2.24775
2.58152
2.4576
1.39929
3.348
1.22101
2.04288
2.56092
1.95944
-0.579166
-1.96191
-3.15222
-1.93586
-2.71808
-1.09261
-2.75844
-1.82026
-2.3856
-2.4945
-2.77514
-2.24135
-2.90767
-2.07858
-2.39754
-2.31536
-2.20308
-2.49254
-2.05007
-1.18538
-2.58987
-2.57594
-2.04627
-2.27263
-2.25023
-2.97738
-2.22512
-2.25973
-0.219084
2.76502
2.90412
1.94536
2.20521
2.34389
2.43845
1.84523
2.24305
2.56137
2.46402
1.98907
2.16432
2.21244
2.11258
2.52079
2.27191
2.6005
2.17149
2.6134
1.92482
2.43816
2.39915
2.84552
0.965311
2.14942
2.2038
2.21806
0.772558
-2.71332
-3.24244
-2.47697
-1.75511
-2.71701
-2.47984
-1.44661
-2.14648
-2.72658
-3.98379
-1.22728
-3.59284
-1.3212
-3.45772
-2.05402
-1.27566
-2.06344
-2.37593
-2.0204
-2.69847
-2.41579
-1.15458
-3.16072
-1.27149
-3.7854
-2.24756
-2.30343
0.353724
3.50505
1.23891
3.17817
2.33717
2.21257
1.74215
1.18872
3.61668
1.38292
3.32685
2.03408
2.3404
2.08197
2.37131
2.23049
1.32589
2.3381
2.4574
2.23545
1.26829
2.47854
2.55284
2.32472
1.27173
3.07222
1.18926
2.3402
2.61322
-0.646089
-3.36892
-1.98798
-1.2229
-2.08384
-3.91446
-2.3334
-2.46097
-2.78102
-2.40294
-2.53483
-2.37735
-1.34572
-2.23405
-2.40426
-2.16957
-2.40424
-1.08327
-2.3343
-2.11426
-0.899768
-2.62829
-3.37434
-2.33894
-2.75469
-2.29212
-2.60142
-0.901
0.741746
1.12617
3.9636
2.14056
2.09973
2.43853
1.96541
2.27764
2.17658
2.54399
1.96159
2.22704
2.15737
2.15404
2.42177
2.27989
2.58146
1.17947
2.37398
2.42129
2.40207
2.21
2.42757
2.34152
2.47806
2.24348
2.44701
1.35721
-1.37319
-3.21302
-1.82506
-2.58273
-2.08476
-3.01618
-1.81537
-2.54005
-2.3325
-2.85235
-2.07422
-2.58503
-2.36864
-1.28024
-2.1565
-2.54569
-2.05151
-2.45172
-2.13577
-2.39306
-2.65462
-2.18423
-2.33634
-2.09455
-2.85001
-2.23659
-1.147
