 1406.545166015625, -10.76973915100098;
 1406.545166015625, -10.76973915100098;
 1406.545166015625, -10.76973915100098;
 1409.193969726563, -13.38889122009277;
 1399.556518554688, -8.703652381896973;
 1399.556518554688, -8.703652381896973;
 1399.556518554688, -8.703652381896973;
 1402.182495117188, -11.30910110473633;
 1404.818115234375, -13.92434310913086;
 1407.463745117188, -16.54943656921387;
 1407.463745117188, -16.54943656921387;
 1407.463745117188, -16.54943656921387;
 1407.463745117188, -16.54943656921387;
 1407.463745117188, -16.54943656921387;
 1404.818115234375, -13.92434310913086;
 1390.02685546875, -4.07076358795166;
 1387.443115234375, -1.498141169548035;
 1387.443115234375, -1.498141169548035;
 1390.02685546875, -4.07076358795166;
 1395.22314453125, -9.24485969543457;
 1397.8359375, -11.8464412689209;
 1397.8359375, -11.8464412689209;
 1397.8359375, -11.8464412689209;
 1397.8359375, -11.8464412689209;
 1397.8359375, -11.8464412689209;
 1385.7353515625, -4.617672443389893;
 1383.164184570313, -2.048808336257935;
 1380.602905273438, 0.5105412006378174;
 1380.602905273438, 0.5105412006378174;
 1383.164184570313, -2.048808336257935;
 1385.7353515625, -4.617672443389893;
 1385.7353515625, -4.617672443389893;
 1385.7353515625, -4.617672443389893;
 1385.7353515625, -4.617672443389893;
 1381.45947265625, -5.162443161010742;
 1378.9013671875, -2.597328186035156;
 1378.9013671875, -2.597328186035156;
 1376.3525390625, -0.04169534891843796;
 1376.3525390625, -0.04169534891843796;
 1376.3525390625, -0.04169534891843796;
 1378.9013671875, -2.597328186035156;
 1378.9013671875, -2.597328186035156;
 1378.9013671875, -2.597328186035156;
 1378.9013671875, -2.597328186035156;
 1377.199829101563, -5.705197334289551;
 1374.654174804688, -3.14382004737854;
 1374.654174804688, -3.14382004737854;
 1372.117919921875, -0.5918941497802734;
 1372.117919921875, -0.5918941497802734;
 1372.117919921875, -0.5918941497802734;
 1374.654174804688, -3.14382004737854;
 1374.654174804688, -3.14382004737854;
 1374.654174804688, -3.14382004737854;
 1372.955810546875, -6.246052742004395;
 1372.955810546875, -6.246052742004395;
 1370.422729492188, -3.688403129577637;
 1370.422729492188, -3.688403129577637;
 1367.89892578125, -1.14017391204834;
 1367.89892578125, -1.14017391204834;
 1367.89892578125, -1.14017391204834;
 1370.422729492188, -3.688403129577637;
 1370.422729492188, -3.688403129577637;
 1370.422729492188, -3.688403129577637;
 1366.206787109375, -4.230872631072998;
 1368.727416992188, -6.784804344177246;
 1368.727416992188, -6.784804344177246;
 1366.206787109375, -4.230872631072998;
 1366.206787109375, -4.230872631072998;
 1363.6953125, -1.686330556869507;
 1363.6953125, -1.686330556869507;
 1363.6953125, -1.686330556869507;
 1366.206787109375, -4.230872631072998;
 1366.206787109375, -4.230872631072998;
 1362.006225585938, -4.771347999572754;
 1364.5146484375, -7.321571350097656;
 1364.5146484375, -7.321571350097656;
 1364.5146484375, -7.321571350097656;
 1362.006225585938, -4.771347999572754;
 1362.006225585938, -4.771347999572754;
 1362.006225585938, -4.771347999572754;
 1362.006225585938, -4.771347999572754;
 1362.006225585938, -4.771347999572754;
 1364.5146484375, -7.321571350097656;
 1360.317260742188, -7.856472492218018;
 1360.317260742188, -7.856472492218018;
 1360.317260742188, -7.856472492218018;
 1360.317260742188, -7.856472492218018;
 1360.317260742188, -7.856472492218018;
 1360.317260742188, -7.856472492218018;
 1360.317260742188, -7.856472492218018;
 1360.317260742188, -7.856472492218018;
 1360.317260742188, -7.856472492218018;
 1360.317260742188, -7.856472492218018;
