 2720.9492, 365.10147;
 2728.7012, 362.21002;
 2736.4976, 359.30206;
 2718.3389, 360.33371;
 2726.0835, 357.42868;
 2733.8723, 354.50708;
 2754.822, 197.4653;
 2757.5449, 128.23817;
 2749.3379, 131.96365;
 2757.5449, 128.23817;
 2757.5449, 128.23817;
 2757.5449, 128.23817;
 2757.5449, 128.23817;
 2757.5449, 128.23817;
 2757.5449, 128.23817;
 2749.3379, 131.96365;
 2749.3379, 131.96365;
 2746.6033, 126.96886;
 2746.6033, 126.96886;
 2746.6033, 126.96886;
 2754.8022, 123.22847;
 2754.8022, 123.22847;
 2754.8022, 123.22847;
 2754.8022, 123.22847;
 2746.6033, 126.96886;
 2746.6033, 126.96886;
 2746.6033, 126.96886;
 2752.0593, 118.21868;
 2743.8689, 121.97398;
 2743.8689, 121.97398;
 2743.8689, 121.97398;
 2752.0593, 118.21868;
 2752.0593, 118.21868;
 2752.0593, 118.21868;
 2752.0593, 118.21868;
 2743.8689, 121.97398;
 2743.8689, 121.97398;
 2743.8689, 121.97398;
 2757.5483, 109.41611;
 2757.5483, 109.41611;
 2757.5483, 109.41611;
 2757.5483, 109.41611;
 2749.3167, 113.20889;
 2749.3167, 113.20889;
 2749.3167, 113.20889;
 2741.1343, 116.9791;
 2741.1343, 116.9791;
 2741.1343, 116.9791;
 2741.1343, 116.9791;
 2741.1343, 116.9791;
 2749.3167, 113.20889;
 2749.3167, 113.20889;
 2741.1343, 116.9791;
 2741.1343, 116.9791;
 2741.1343, 116.9791;
 2741.1343, 116.9791;
 2746.574, 108.1992;
 2746.574, 108.1992;
 2746.574, 108.1992;
 2746.574, 108.1992;
 2738.3997, 111.98431;
 2738.3997, 111.98431;
 2738.3997, 111.98431;
 2738.3997, 111.98431;
 2738.3997, 111.98431;
 2738.3997, 111.98431;
 2738.3997, 111.98431;
 2738.3997, 111.98431;
 2738.3997, 111.98431;
 2738.3997, 111.98431;
 2738.3997, 111.98431;
 2738.3997, 111.98431;
 2738.3997, 111.98431;
 2738.3997, 111.98431;
 2743.8311, 103.18941;
 2735.665, 106.98944;
 2735.665, 106.98944;
 2735.665, 106.98944;
 2735.665, 106.98944;
 2735.665, 106.98944;
 2735.665, 106.98944;
 2735.665, 106.98944;
 2727.5471, 110.76692;
 2727.5471, 110.76692;
 2735.665, 106.98944;
 2735.665, 106.98944;
 2735.665, 106.98944;
 2735.665, 106.98944;
 2735.665, 106.98944;
 2735.665, 106.98944;
 2735.665, 106.98944;
 2735.665, 106.98944;
 2732.9304, 101.99456;
 2732.9304, 101.99456;
 2732.9304, 101.99456;
 2732.9304, 101.99456;
 2732.9304, 101.99456;
 2732.9304, 101.99456;
 2732.9304, 101.99456;
 2732.9304, 101.99456;
 2732.9304, 101.99456;
 2724.8206, 105.78687;
 2724.8206, 105.78687;
 2724.8206, 105.78687;
 2732.9304, 101.99456;
 2732.9304, 101.99456;
 2732.9304, 101.99456;
 2724.8206, 105.78687;
 2724.8206, 105.78687;
 2716.7593, 109.55674;
 2730.1958, 96.999771;
 2722.0942, 100.8069;
 2722.0942, 100.8069;
 2722.0942, 100.8069;
 2722.0942, 100.8069;
 2722.0942, 100.8069;
 2722.0942, 100.8069;
 2722.0942, 100.8069;
 2722.0942, 100.8069;
 2714.0408, 104.5915;
 2714.0408, 104.5915;
 2714.0408, 104.5915;
 2722.0942, 100.8069;
 2722.0942, 100.8069;
 2714.0408, 104.5915;
 2719.3679, 95.826843;
 2711.3225, 99.626183;
