 1858.9122, 83.491661;
 1858.9122, 83.491661;
 1858.9122, 83.491661;
 1858.9122, 83.491661;
 1858.9122, 83.491661;
 1856.8658, 79.753914;
 1856.8658, 79.753914;
 1856.8658, 79.753914;
 1856.8658, 79.753914;
 1856.8658, 79.753914;
 1856.8658, 79.753914;
 1856.8658, 79.753914;
 1846.594, 81.79866;
 1846.594, 81.79866;
 1850.6978, 78.91378;
 1850.6978, 78.91378;
 1850.6978, 78.91378;
 1854.8195, 76.016037;
 1858.9596, 73.105347;
 1858.9596, 73.105347;
 1858.9596, 73.105347;
 1858.9596, 73.105347;
 1858.9596, 73.105347;
 1858.9596, 73.105347;
 1858.9596, 73.105347;
 1858.9596, 73.105347;
 1858.9596, 73.105347;
 1858.9596, 73.105347;
 1858.9596, 73.105347;
 1858.9596, 73.105347;
 1858.9596, 73.105347;
 1858.9596, 73.105347;
 1858.9596, 73.105347;
 1858.9596, 73.105347;
 1858.9596, 73.105347;
 1854.8195, 76.016037;
 1850.6978, 78.91378;
 1836.413, 83.825493;
 1840.476, 80.957855;
 1840.476, 80.957855;
 1844.5566, 78.077484;
 1844.5566, 78.077484;
 1844.5566, 78.077484;
 1848.6559, 75.184334;
 1852.7731, 72.278282;
 1856.9086, 69.359261;
 1856.9086, 69.359261;
 1856.9086, 69.359261;
 1856.9086, 69.359261;
 1856.9086, 69.359261;
 1856.9086, 69.359261;
 1856.9086, 69.359261;
 1856.9086, 69.359261;
 1856.9086, 69.359261;
 1856.9086, 69.359261;
 1856.9086, 69.359261;
 1856.9086, 69.359261;
 1856.9086, 69.359261;
 1856.9086, 69.359261;
 1856.9086, 69.359261;
 1852.7731, 72.278282;
 1852.7731, 72.278282;
 1848.6559, 75.184334;
 1826.3214, 85.834503;
 1830.3442, 82.983917;
 1834.3846, 80.12075;
 1838.4431, 77.244911;
 1838.4431, 77.244911;
 1838.4431, 77.244911;
 1838.4431, 77.244911;
 1842.5193, 74.356316;
 1846.614, 71.454887;
 1846.614, 71.454887;
 1846.614, 71.454887;
 1846.614, 71.454887;
 1850.7267, 68.540535;
 1850.7267, 68.540535;
 1850.7267, 68.540535;
 1850.7267, 68.540535;
 1850.7267, 68.540535;
 1850.7267, 68.540535;
 1850.7267, 68.540535;
 1850.7267, 68.540535;
 1850.7267, 68.540535;
 1850.7267, 68.540535;
 1850.7267, 68.540535;
 1850.7267, 68.540535;
 1850.7267, 68.540535;
 1846.614, 71.454887;
 1846.614, 71.454887;
 1816.3182, 87.825798;
 1816.3182, 87.825798;
 1824.302, 82.145912;
 1828.3204, 79.287209;
 1832.3563, 76.415871;
 1832.3563, 76.415871;
 1836.4103, 73.531837;
 1836.4103, 73.531837;
 1836.4103, 73.531837;
 1844.5721, 67.725319;
 1844.5721, 67.725319;
 1844.5721, 67.725319;
 1844.5721, 67.725319;
 1844.5721, 67.725319;
 1848.6803, 64.802658;
 1848.6803, 64.802658;
 1848.6803, 64.802658;
 1844.5721, 67.725319;
 1848.6803, 64.802658;
 1848.6803, 64.802658;
 1848.6803, 64.802658;
 1844.5721, 67.725319;
 1844.5721, 67.725319;
 1844.5721, 67.725319;
 1844.5721, 67.725319;
 1844.5721, 67.725319;
 1844.5721, 67.725319;
 1840.4821, 70.63501;
 1810.3462, 86.982841;
 1810.3462, 86.982841;
 1818.2865, 81.311714;
 1822.2826, 78.457451;
 1826.2965, 75.590622;
 1830.328, 72.711128;
 1830.328, 72.711128;
 1830.328, 72.711128;
 1834.3774, 69.818901;
 1838.4447, 66.913834;
 1842.5304, 63.995876;
 1838.4447, 66.913834;
 1838.4447, 66.913834;
 1838.4447, 66.913834;
 1846.6339, 61.064907;
 1846.6339, 61.064907;
 1842.5304, 63.995876;
 1842.5304, 63.995876;
 1842.5304, 63.995876;
 1846.6339, 61.064907;
 1842.5304, 63.995876;
 1842.5304, 63.995876;
 1842.5304, 63.995876;
 1842.5304, 63.995876;
 1842.5304, 63.995876;
 1842.5304, 63.995876;
 1838.4447, 66.913834;
 1838.4447, 66.913834;
 1816.2715, 77.631348;
 1824.2727, 71.894035;
 1824.2727, 71.894035;
 1828.2997, 69.006386;
 1828.2997, 69.006386;
 1832.3447, 66.105957;
 1836.4075, 63.192661;
 1836.4075, 63.192661;
 1836.4075, 63.192661;
 1836.4075, 63.192661;
 1836.4075, 63.192661;
 1840.4885, 60.26643;
 1844.5875, 57.327156;
 1840.4885, 60.26643;
 1840.4885, 60.26643;
 1840.4885, 60.26643;
 1840.4885, 60.26643;
 1840.4885, 60.26643;
 1840.4885, 60.26643;
 1840.4885, 60.26643;
 1836.4075, 63.192661;
 1836.4075, 63.192661;
 1836.4075, 63.192661;
 1836.4075, 63.192661;
 1832.3447, 66.105957;
 1814.2565, 73.950844;
 1818.2438, 71.080406;
 1822.2489, 68.197327;
 1822.2489, 68.197327;
 1826.2714, 65.301506;
 1830.3119, 62.392887;
 1830.3119, 62.392887;
 1830.3119, 62.392887;
 1830.3119, 62.392887;
 1834.3701, 59.471359;
 1834.3701, 59.471359;
 1838.4467, 56.536858;
 1838.4467, 56.536858;
 1838.4467, 56.536858;
 1838.4467, 56.536858;
 1838.4467, 56.536858;
 1838.4467, 56.536858;
 1834.3701, 59.471359;
 1834.3701, 59.471359;
 1834.3701, 59.471359;
 1834.3701, 59.471359;
 1834.3701, 59.471359;
 1830.3119, 62.392887;
 1830.3119, 62.392887;
 1816.2244, 67.391945;
 1820.225, 64.50074;
 1824.243, 61.596764;
 1824.243, 61.596764;
 1824.243, 61.596764;
 1828.2791, 58.679947;
 1828.2791, 58.679947;
 1832.3328, 55.750187;
 1832.3328, 55.750187;
 1832.3328, 55.750187;
 1832.3328, 55.750187;
 1832.3328, 55.750187;
 1832.3328, 55.750187;
 1832.3328, 55.750187;
 1832.3328, 55.750187;
 1828.2791, 58.679947;
 1828.2791, 58.679947;
 1828.2791, 58.679947;
 1828.2791, 58.679947;
 1828.2791, 58.679947;
 1828.2791, 58.679947;
 1810.2266, 66.590103;
 1818.2012, 60.804153;
 1822.2147, 57.892021;
 1822.2147, 57.892021;
 1822.2147, 57.892021;
 1826.2462, 54.967003;
 1830.2955, 52.029011;
 1830.2955, 52.029011;
 1830.2955, 52.029011;
 1830.2955, 52.029011;
 1830.2955, 52.029011;
 1830.2955, 52.029011;
 1830.2955, 52.029011;
 1830.2955, 52.029011;
 1826.2462, 54.967003;
 1826.2462, 54.967003;
 1826.2462, 54.967003;
 1826.2462, 54.967003;
 1826.2462, 54.967003;
 1826.2462, 54.967003;
 1816.1772, 57.107441;
 1816.1772, 57.107441;
 1820.1864, 54.187145;
 1824.2135, 51.253933;
 1824.2135, 51.253933;
 1828.2582, 48.307709;
 1824.2135, 51.253933;
 1824.2135, 51.253933;
 1828.2582, 48.307709;
 1828.2582, 48.307709;
 1828.2582, 48.307709;
 1828.2582, 48.307709;
 1824.2135, 51.253933;
 1824.2135, 51.253933;
 1824.2135, 51.253933;
 1824.2135, 51.253933;
 1824.2135, 51.253933;
 1824.2135, 51.253933;
 1814.1534, 53.410854;
 1814.1534, 53.410854;
 1818.1581, 50.482403;
 1822.1807, 47.540993;
 1822.1807, 47.540993;
 1822.1807, 47.540993;
 1822.1807, 47.540993;
 1822.1807, 47.540993;
 1826.2208, 44.586536;
 1826.2208, 44.586536;
 1822.1807, 47.540993;
 1822.1807, 47.540993;
 1822.1807, 47.540993;
 1822.1807, 47.540993;
 1822.1807, 47.540993;
 1818.1581, 50.482403;
 1812.1296, 49.714272;
 1816.1298, 46.777657;
 1816.1298, 46.777657;
 1816.1298, 46.777657;
 1820.1478, 43.828053;
 1820.1478, 43.828053;
 1820.1478, 43.828053;
 1820.1478, 43.828053;
 1816.1298, 46.777657;
 1816.1298, 46.777657;
 1816.1298, 46.777657;
 1816.1298, 46.777657;
 1816.1298, 46.777657;
 1816.1298, 46.777657;
 1810.1057, 46.017559;
 1814.1014, 43.072784;
 1814.1014, 43.072784;
 1814.1014, 43.072784;
 1814.1014, 43.072784;
 1818.1151, 40.114983;
 1814.1014, 43.072784;
 1814.1014, 43.072784;
 1814.1014, 43.072784;
 1814.1014, 43.072784;
 1814.1014, 43.072784;
 1814.1014, 43.072784;
 1810.1057, 46.017559;
 1812.0731, 39.368038;
 1812.0731, 39.368038;
