 2157.9431, 15.128989;
 2157.9431, 15.128989;
 2157.9431, 15.128989;
 2157.9431, 15.128989;
 2157.9431, 15.128989;
 2150.2124, 14.341607;
 2144.8235, 17.764309;
 2139.4614, 21.169897;
 2144.8235, 17.764309;
 2144.8235, 17.764309;
 2144.8235, 17.764309;
 2150.2124, 14.341607;
 2155.6287, 10.90166;
 2155.6287, 10.90166;
 2153.3142, 6.6741843;
 2147.9038, 10.124753;
 2147.9038, 10.124753;
 2137.1643, 16.974129;
 2137.1643, 16.974129;
 2137.1643, 16.974129;
 2137.1643, 16.974129;
 2137.1643, 16.974129;
 2142.5205, 13.558023;
 2142.5205, 13.558023;
 2147.9038, 10.124753;
 2147.9038, 10.124753;
 2153.3142, 6.6741843;
 2145.5952, 5.9080448;
 2140.2178, 9.3518848;
 2134.8672, 12.778504;
 2134.8672, 12.778504;
 2134.8672, 12.778504;
 2134.8672, 12.778504;
 2134.8672, 12.778504;
 2134.8672, 12.778504;
 2134.8672, 12.778504;
 2134.8672, 12.778504;
 2140.2178, 9.3518848;
 2140.2178, 9.3518848;
 2145.5952, 5.9080448;
 2159.5647, -8.7768297;
 2143.2866, 1.6913376;
 2137.9148, 5.1457453;
 2127.252, 12.002873;
 2127.252, 12.002873;
 2127.252, 12.002873;
 2121.9604, 15.405851;
 2121.9604, 15.405851;
 2121.9604, 15.405851;
 2132.5701, 8.582881;
 2132.5701, 8.582881;
 2132.5701, 8.582881;
 2132.5701, 8.582881;
 2132.5701, 8.582881;
 2157.2385, -13.02571;
 2146.3708, -6.0079489;
 2135.6121, 0.93945992;
 2124.9607, 7.8175673;
 2114.415, 14.627406;
 2114.415, 14.627406;
 2114.415, 14.627406;
 2114.415, 14.627406;
 2114.415, 14.627406;
 2114.415, 14.627406;
 2119.6748, 11.230956;
 2130.2732, 4.3871112;
 2130.2732, 4.3871112;
 2130.2732, 4.3871112;
 2130.2732, 4.3871112;
 2127.9761, 0.19148773;
 2127.9761, 0.19148773;
 2127.9761, 0.19148773;
 2133.3093, -3.266679;
 2154.9124, -17.274443;
 2144.0566, -10.235278;
 2133.3093, -3.266679;
 2127.9761, 0.19148773;
 2112.135, 10.463016;
 2112.135, 10.463016;
 2117.3892, 7.0562072;
 2127.9761, 0.19148773;
 2127.9761, 0.19148773;
 2127.9761, 0.19148773;
 2127.9761, 0.19148773;
 2115.1035, 2.8814571;
 2115.1035, 2.8814571;
 2115.1035, 2.8814571;
 2115.1035, 2.8814571;
 2115.1035, 2.8814571;
 2125.679, -4.0041361;
 2125.679, -4.0041361;
 2125.679, -4.0041361;
 2125.679, -4.0041361;
 2125.679, -4.0041361;
 2115.1035, 2.8814571;
 2115.1035, 2.8814571;
 2115.1035, 2.8814571;
 2125.679, -4.0041361;
 2125.679, -4.0041361;
 2125.679, -4.0041361;
 2112.8179, -1.2934382;
 2112.8179, -1.2934382;
 2112.8179, -1.2934382;
 2112.8179, -1.2934382;
 2112.8179, -1.2934382;
 2118.0867, -4.7380605;
 2118.0867, -4.7380605;
 2110.5325, -5.4681883;
 2110.5325, -5.4681883;
