 1706.8676, 62.595371;
 1703.2819, 65.363037;
 1703.2819, 65.363037;
 1706.8676, 62.595371;
 1708.5302, 56.275307;
 1708.5302, 56.275307;
 1704.9331, 59.062092;
 1704.9331, 59.062092;
 1704.9331, 59.062092;
 1701.3514, 61.837177;
 1701.3514, 61.837177;
 1701.3514, 61.837177;
 1704.9331, 59.062092;
 1704.9331, 59.062092;
 1701.3514, 61.837177;
 1697.7845, 64.600616;
 1697.7845, 64.600616;
 1697.7845, 64.600616;
 1697.7845, 64.600616;
 1701.3514, 61.837177;
 1701.3514, 61.837177;
 1704.9331, 59.062092;
 1704.9331, 59.062092;
 1704.9331, 59.062092;
 1706.5917, 52.734695;
 1702.9988, 55.528934;
 1702.9988, 55.528934;
 1699.4211, 58.311443;
 1699.4211, 58.311443;
 1695.8583, 61.082275;
 1695.8583, 61.082275;
 1695.8583, 61.082275;
 1695.8583, 61.082275;
 1699.4211, 58.311443;
 1699.4211, 58.311443;
 1695.8583, 61.082275;
 1695.8583, 61.082275;
 1692.3105, 63.841518;
 1688.7777, 66.589241;
 1688.7777, 66.589241;
 1692.3105, 63.841518;
 1692.3105, 63.841518;
 1695.8583, 61.082275;
 1695.8583, 61.082275;
 1699.4211, 58.311443;
 1704.6532, 49.194084;
 1701.0643, 51.995781;
 1701.0643, 51.995781;
 1697.4908, 54.785709;
 1697.4908, 54.785709;
 1693.932, 57.563931;
 1693.932, 57.563931;
 1693.932, 57.563931;
 1693.932, 57.563931;
 1693.932, 57.563931;
 1693.932, 57.563931;
 1693.932, 57.563931;
 1693.932, 57.563931;
 1690.3883, 60.330536;
 1686.8595, 63.08559;
 1686.8595, 63.08559;
 1683.3451, 65.829163;
 1683.3451, 65.829163;
 1686.8595, 63.08559;
 1686.8595, 63.08559;
 1690.3883, 60.330536;
 1702.7147, 45.653351;
 1702.7147, 45.653351;
 1702.7147, 45.653351;
 1699.13, 48.462502;
 1699.13, 48.462502;
 1695.5605, 51.259853;
 1692.0057, 54.045467;
 1692.0057, 54.045467;
 1692.0057, 54.045467;
 1688.4661, 56.819431;
 1688.4661, 56.819431;
 1688.4661, 56.819431;
 1692.0057, 54.045467;
 1692.0057, 54.045467;
 1692.0057, 54.045467;
 1688.4661, 56.819431;
 1688.4661, 56.819431;
 1684.9412, 59.581818;
 1681.4309, 62.332687;
 1681.4309, 62.332687;
 1681.4309, 62.332687;
 1681.4309, 62.332687;
 1681.4309, 62.332687;
 1684.9412, 59.581818;
 1697.1957, 44.929344;
 1697.1957, 44.929344;
 1697.1957, 44.929344;
 1697.1957, 44.929344;
 1693.6302, 47.734119;
 1693.6302, 47.734119;
 1690.0796, 50.527122;
 1686.5438, 53.308449;
 1686.5438, 53.308449;
 1686.5438, 53.308449;
 1686.5438, 53.308449;
 1686.5438, 53.308449;
 1686.5438, 53.308449;
 1686.5438, 53.308449;
 1686.5438, 53.308449;
 1686.5438, 53.308449;
 1686.5438, 53.308449;
 1683.0229, 56.078163;
 1679.5167, 58.836334;
 1679.5167, 58.836334;
 1679.5167, 58.836334;
 1679.5167, 58.836334;
 1679.5167, 58.836334;
 1679.5167, 58.836334;
 1691.7, 44.208385;
 1691.7, 44.208385;
 1691.7, 44.208385;
 1691.7, 44.208385;
 1688.1533, 47.008781;
 1684.6217, 49.79747;
 1684.6217, 49.79747;
 1681.1047, 52.574512;
 1681.1047, 52.574512;
 1677.6024, 55.339981;
 1677.6024, 55.339981;
 1677.6024, 55.339981;
 1677.6024, 55.339981;
 1677.6024, 55.339981;
 1681.1047, 52.574512;
 1681.1047, 52.574512;
 1681.1047, 52.574512;
 1677.6024, 55.339981;
 1677.6024, 55.339981;
 1674.1146, 58.093948;
 1674.1146, 58.093948;
 1674.1146, 58.093948;
 1677.6024, 55.339981;
 1677.6024, 55.339981;
 1686.2271, 43.490318;
 1686.2271, 43.490318;
 1686.2271, 43.490318;
 1686.2271, 43.490318;
 1686.2271, 43.490318;
 1682.6995, 46.286366;
 1679.1865, 49.070736;
 1679.1865, 49.070736;
 1675.6882, 51.843506;
 1675.6882, 51.843506;
 1675.6882, 51.843506;
 1675.6882, 51.843506;
 1675.6882, 51.843506;
 1675.6882, 51.843506;
 1675.6882, 51.843506;
 1675.6882, 51.843506;
 1675.6882, 51.843506;
 1675.6882, 51.843506;
 1675.6882, 51.843506;
 1672.2043, 54.60474;
 1668.7351, 57.354527;
 1668.7351, 57.354527;
 1668.7351, 57.354527;
 1672.2043, 54.60474;
 1675.6882, 51.843506;
 1680.7772, 42.775383;
 1680.7772, 42.775383;
 1680.7772, 42.775383;
 1680.7772, 42.775383;
 1677.2683, 45.567085;
 1673.774, 48.347153;
 1673.774, 48.347153;
 1673.774, 48.347153;
 1673.774, 48.347153;
 1670.2941, 51.115658;
 1670.2941, 51.115658;
 1670.2941, 51.115658;
 1670.2941, 51.115658;
 1670.2941, 51.115658;
 1670.2941, 51.115658;
 1670.2941, 51.115658;
 1670.2941, 51.115658;
 1670.2941, 51.115658;
 1666.8289, 53.872681;
 1666.8289, 53.872681;
 1663.3778, 56.618286;
 1663.3778, 56.618286;
 1666.8289, 53.872681;
 1670.2941, 51.115658;
 1670.2941, 51.115658;
 1675.3501, 42.063431;
 1675.3501, 42.063431;
 1675.3501, 42.063431;
 1675.3501, 42.063431;
 1671.8597, 44.8508;
 1671.8597, 44.8508;
 1671.8597, 44.8508;
 1668.3839, 47.626572;
 1668.3839, 47.626572;
 1664.9225, 50.390835;
 1664.9225, 50.390835;
 1661.4755, 53.14365;
 1661.4755, 53.14365;
 1661.4755, 53.14365;
 1661.4755, 53.14365;
 1661.4755, 53.14365;
 1661.4755, 53.14365;
 1661.4755, 53.14365;
 1661.4755, 53.14365;
 1661.4755, 53.14365;
 1664.9225, 50.390835;
 1668.3839, 47.626572;
 1673.4319, 38.559658;
 1673.4319, 38.559658;
 1669.9456, 41.354324;
 1669.9456, 41.354324;
 1669.9456, 41.354324;
 1669.9456, 41.354324;
 1666.4736, 44.137367;
 1663.0162, 46.908867;
 1663.0162, 46.908867;
 1663.0162, 46.908867;
 1668.0314, 37.857971;
 1668.0314, 37.857971;
 1668.0314, 37.857971;
 1668.0314, 37.857971;
 1668.0314, 37.857971;
 1664.5634, 40.648285;
 1661.11, 43.427025;
 1666.1171, 34.361618;
 1666.1171, 34.361618;
 1662.6531, 37.159199;
 1662.6531, 37.159199;
 1662.6531, 37.159199;
 1660.743, 33.669994;
 1660.743, 33.669994;
