 3009.5674, 81.427383;
 2999.8904, 85.602852;
 2980.7214, 93.873764;
 2980.7214, 93.873764;
 2999.8904, 85.602852;
 3009.5674, 81.427383;
 3006.6035, 76.01358;
 2996.9358, 80.206459;
 2977.7859, 88.511848;
 2968.3027, 92.62487;
 3003.6394, 70.599869;
 2993.9814, 74.810158;
 2993.9814, 74.810158;
 2993.9814, 74.810158;
 3003.6394, 70.599869;
 3003.6394, 70.599869;
 3003.6394, 70.599869;
 2993.9814, 74.810158;
 2993.9814, 74.810158;
 2984.3853, 78.993462;
 2965.3765, 87.280128;
 2991.0269, 69.413765;
 2981.4402, 73.614365;
 2971.9148, 77.788116;
 2981.4402, 73.614365;
 2991.0269, 69.413765;
 2991.0269, 69.413765;
 2981.4402, 73.614365;
 2971.9148, 77.788116;
 2962.4502, 81.935295;
 2962.4502, 81.935295;
 2968.9792, 72.426208;
