 1109.4034, 3.0477564;
 1109.4034, 3.0477564;
 1109.7118, -1.8960302;
 1109.7118, -1.8960302;
 1109.7118, -1.8960302;
 1109.7118, -1.8960302;
 1109.7118, -1.8960302;
 1109.7118, -1.8960302;
 1109.7118, -1.8960302;
 1109.7118, -1.8960302;
 1109.7118, -1.8960302;
 1109.7118, -1.8960302;
 1107.9191, 0.33643514;
 1107.9191, 0.33643514;
 1107.9191, 0.33643514;
 1109.7118, -1.8960302;
 1109.7118, -1.8960302;
 1109.7118, -1.8960302;
 1101.0983, 4.2926111;
 1102.8713, 2.077301;
 1104.6501, -0.14515498;
 1104.6501, -0.14515498;
 1104.6501, -0.14515498;
 1106.4347, -2.3747919;
 1106.4347, -2.3747919;
 1106.4347, -2.3747919;
 1108.225, -4.6116443;
 1108.225, -4.6116443;
 1108.225, -4.6116443;
 1108.225, -4.6116443;
 1108.225, -4.6116443;
 1108.225, -4.6116443;
 1106.4347, -2.3747919;
 1106.4347, -2.3747919;
 1106.4347, -2.3747919;
 1106.4347, -2.3747919;
 1106.4347, -2.3747919;
 1106.4347, -2.3747919;
 1106.4347, -2.3747919;
 1108.225, -4.6116443;
 1108.225, -4.6116443;
 1108.225, -4.6116443;
 1108.225, -4.6116443;
 1108.225, -4.6116443;
 1108.225, -4.6116443;
 1096.0966, 6.0124273;
 1097.856, 3.8069897;
 1099.621, 1.5944606;
 1101.3917, -0.62519407;
 1101.3917, -0.62519407;
 1103.1682, -2.8520091;
 1103.1682, -2.8520091;
 1103.1682, -2.8520091;
 1104.9503, -5.0860186;
 1106.7383, -7.3272586;
 1108.532, -9.5757627;
 1106.7383, -7.3272586;
 1106.7383, -7.3272586;
 1106.7383, -7.3272586;
 1106.7383, -7.3272586;
 1104.9503, -5.0860186;
 1103.1682, -2.8520091;
 1103.1682, -2.8520091;
 1103.1682, -2.8520091;
 1103.1682, -2.8520091;
 1103.1682, -2.8520091;
 1103.1682, -2.8520091;
 1103.1682, -2.8520091;
 1104.9503, -5.0860186;
 1104.9503, -5.0860186;
 1104.9503, -5.0860186;
 1104.9503, -5.0860186;
 1104.9503, -5.0860186;
 1104.9503, -5.0860186;
 1094.624, 3.3228312;
 1094.624, 3.3228312;
 1096.3811, 1.1130766;
 1098.1438, -1.1037835;
 1098.1438, -1.1037835;
 1099.9121, -3.3277833;
 1099.9121, -3.3277833;
 1101.6863, -5.5589576;
 1101.6863, -5.5589576;
 1105.2515, -10.042967;
 1105.2515, -10.042967;
 1107.0427, -12.295873;
 1107.0427, -12.295873;
 1107.0427, -12.295873;
 1107.0427, -12.295873;
 1105.2515, -10.042967;
 1103.4659, -7.7973399;
 1103.4659, -7.7973399;
 1101.6863, -5.5589576;
 1101.6863, -5.5589576;
 1101.6863, -5.5589576;
 1099.9121, -3.3277833;
 1098.1438, -1.1037835;
 1098.1438, -1.1037835;
 1098.1438, -1.1037835;
 1099.9121, -3.3277833;
 1099.9121, -3.3277833;
 1099.9121, -3.3277833;
 1101.6863, -5.5589576;
 1103.4659, -7.7973399;
 1103.4659, -7.7973399;
 1101.6863, -5.5589576;
 1101.6863, -5.5589576;
 1093.1516, 0.63332891;
 1093.1516, 0.63332891;
 1094.9063, -1.5807428;
 1094.9063, -1.5807428;
 1096.6666, -3.8019338;
 1096.6666, -3.8019338;
 1098.4325, -6.0302782;
 1098.4325, -6.0302782;
 1098.4325, -6.0302782;
 1100.2042, -8.265811;
 1101.9816, -10.508567;
 1101.9816, -10.508567;
 1101.9816, -10.508567;
 1103.7646, -12.758581;
 1103.7646, -12.758581;
 1103.7646, -12.758581;
 1101.9816, -10.508567;
 1100.2042, -8.265811;
 1100.2042, -8.265811;
 1098.4325, -6.0302782;
 1098.4325, -6.0302782;
 1098.4325, -6.0302782;
 1098.4325, -6.0302782;
 1096.6666, -3.8019338;
 1096.6666, -3.8019338;
 1096.6666, -3.8019338;
 1096.6666, -3.8019338;
 1096.6666, -3.8019338;
 1096.6666, -3.8019338;
 1098.4325, -6.0302782;
 1098.4325, -6.0302782;
 1100.2042, -8.265811;
 1100.2042, -8.265811;
 1100.2042, -8.265811;
 1100.2042, -8.265811;
 1091.6791, -2.0561733;
 1091.6791, -2.0561733;
 1091.6791, -2.0561733;
 1093.4314, -4.2745619;
 1093.4314, -4.2745619;
 1093.4314, -4.2745619;
 1095.1893, -6.5000839;
 1095.1893, -6.5000839;
 1095.1893, -6.5000839;
 1096.9529, -8.7327738;
 1098.7223, -10.972666;
 1098.7223, -10.972666;
 1098.7223, -10.972666;
 1098.7223, -10.972666;
 1100.4972, -13.219794;
 1098.7223, -10.972666;
 1098.7223, -10.972666;
 1096.9529, -8.7327738;
 1096.9529, -8.7327738;
 1095.1893, -6.5000839;
 1095.1893, -6.5000839;
 1095.1893, -6.5000839;
 1095.1893, -6.5000839;
 1093.4314, -4.2745619;
 1091.6791, -2.0561733;
 1091.6791, -2.0561733;
 1093.4314, -4.2745619;
 1093.4314, -4.2745619;
 1093.4314, -4.2745619;
 1095.1893, -6.5000839;
 1096.9529, -8.7327738;
 1096.9529, -8.7327738;
 1096.9529, -8.7327738;
 1096.9529, -8.7327738;
 1096.9529, -8.7327738;
 1088.4623, -2.5301762;
 1088.4623, -2.5301762;
 1088.4623, -2.5301762;
 1090.2067, -4.7457695;
 1090.2067, -4.7457695;
 1090.2067, -4.7457695;
 1090.2067, -4.7457695;
 1091.9565, -6.9684749;
 1091.9565, -6.9684749;
 1091.9565, -6.9684749;
 1093.7122, -9.198328;
 1093.7122, -9.198328;
 1093.7122, -9.198328;
 1093.7122, -9.198328;
 1093.7122, -9.198328;
 1095.4734, -11.435363;
 1095.4734, -11.435363;
 1093.7122, -9.198328;
 1093.7122, -9.198328;
 1093.7122, -9.198328;
 1091.9565, -6.9684749;
 1091.9565, -6.9684749;
 1091.9565, -6.9684749;
 1091.9565, -6.9684749;
 1090.2067, -4.7457695;
 1090.2067, -4.7457695;
 1090.2067, -4.7457695;
 1090.2067, -4.7457695;
 1090.2067, -4.7457695;
 1090.2067, -4.7457695;
 1091.9565, -6.9684749;
 1093.7122, -9.198328;
 1093.7122, -9.198328;
 1093.7122, -9.198328;
 1093.7122, -9.198328;
 1093.7122, -9.198328;
 1083.5249, -0.79682523;
 1085.2557, -3.0025709;
 1085.2557, -3.0025709;
 1085.2557, -3.0025709;
 1086.9922, -5.2153754;
 1088.7341, -7.4352717;
 1088.7341, -7.4352717;
 1088.7341, -7.4352717;
 1088.7341, -7.4352717;
 1088.7341, -7.4352717;
 1088.7341, -7.4352717;
 1088.7341, -7.4352717;
 1088.7341, -7.4352717;
 1088.7341, -7.4352717;
 1088.7341, -7.4352717;
 1088.7341, -7.4352717;
 1090.4817, -9.6622944;
 1090.4817, -9.6622944;
 1090.4817, -9.6622944;
 1090.4817, -9.6622944;
 1090.4817, -9.6622944;
 1090.4817, -9.6622944;
 1090.4817, -9.6622944;
 1090.4817, -9.6622944;
 1088.7341, -7.4352717;
 1088.7341, -7.4352717;
 1088.7341, -7.4352717;
 1088.7341, -7.4352717;
 1088.7341, -7.4352717;
 1088.7341, -7.4352717;
 1088.7341, -7.4352717;
 1088.7341, -7.4352717;
 1090.4817, -9.6622944;
 1092.235, -11.896478;
 1092.235, -11.896478;
 1090.4817, -9.6622944;
 1082.0594, -3.4734588;
 1082.0594, -3.4734588;
 1083.788, -5.6834803;
 1083.788, -5.6834803;
 1083.788, -5.6834803;
 1085.5221, -7.9005747;
 1085.5221, -7.9005747;
 1085.5221, -7.9005747;
 1085.5221, -7.9005747;
 1085.5221, -7.9005747;
 1085.5221, -7.9005747;
 1087.2617, -10.124774;
 1087.2617, -10.124774;
 1087.2617, -10.124774;
 1087.2617, -10.124774;
 1087.2617, -10.124774;
 1087.2617, -10.124774;
 1087.2617, -10.124774;
 1087.2617, -10.124774;
 1087.2617, -10.124774;
 1087.2617, -10.124774;
 1087.2617, -10.124774;
 1087.2617, -10.124774;
 1087.2617, -10.124774;
 1087.2617, -10.124774;
 1087.2617, -10.124774;
 1087.2617, -10.124774;
 1085.5221, -7.9005747;
 1085.5221, -7.9005747;
 1087.2617, -10.124774;
 1087.2617, -10.124774;
 1087.2617, -10.124774;
 1087.2617, -10.124774;
 1089.0068, -12.356113;
 1089.0068, -12.356113;
 1087.2617, -10.124774;
 1080.594, -6.1501856;
 1080.594, -6.1501856;
 1080.594, -6.1501856;
 1080.594, -6.1501856;
 1082.3202, -8.3644838;
 1082.3202, -8.3644838;
 1082.3202, -8.3644838;
 1082.3202, -8.3644838;
 1084.052, -10.585867;
 1084.052, -10.585867;
 1084.052, -10.585867;
 1084.052, -10.585867;
 1084.052, -10.585867;
 1084.052, -10.585867;
 1082.3202, -8.3644838;
 1082.3202, -8.3644838;
 1082.3202, -8.3644838;
 1082.3202, -8.3644838;
 1084.052, -10.585867;
 1084.052, -10.585867;
 1084.052, -10.585867;
 1084.052, -10.585867;
 1084.052, -10.585867;
 1084.052, -10.585867;
 1084.052, -10.585867;
 1084.052, -10.585867;
 1082.3202, -8.3644838;
 1082.3202, -8.3644838;
 1082.3202, -8.3644838;
 1082.3202, -8.3644838;
 1082.3202, -8.3644838;
 1084.052, -10.585867;
 1085.7892, -12.81437;
 1085.7892, -12.81437;
 1085.7892, -12.81437;
 1085.7892, -12.81437;
 1079.1285, -8.8268194;
 1079.1285, -8.8268194;
 1079.1285, -8.8268194;
 1079.1285, -8.8268194;
 1079.1285, -8.8268194;
 1080.8524, -11.045393;
 1080.8524, -11.045393;
 1080.8524, -11.045393;
 1080.8524, -11.045393;
 1080.8524, -11.045393;
 1080.8524, -11.045393;
 1080.8524, -11.045393;
 1080.8524, -11.045393;
 1080.8524, -11.045393;
 1077.4103, -6.6153126;
 1077.4103, -6.6153126;
 1077.4103, -6.6153126;
 1079.1285, -8.8268194;
 1079.1285, -8.8268194;
 1079.1285, -8.8268194;
 1079.1285, -8.8268194;
 1079.1285, -8.8268194;
 1079.1285, -8.8268194;
 1080.8524, -11.045393;
 1080.8524, -11.045393;
 1079.1285, -8.8268194;
 1079.1285, -8.8268194;
 1079.1285, -8.8268194;
 1079.1285, -8.8268194;
 1079.1285, -8.8268194;
 1079.1285, -8.8268194;
 1080.8524, -11.045393;
 1082.5818, -13.271067;
 1084.3168, -15.503872;
 1084.3168, -15.503872;
 1084.3168, -15.503872;
 1075.9471, -9.2876844;
 1075.9471, -9.2876844;
 1075.9471, -9.2876844;
 1075.9471, -9.2876844;
 1077.6631, -11.503453;
 1077.6631, -11.503453;
 1077.6631, -11.503453;
 1077.6631, -11.503453;
 1077.6631, -11.503453;
 1077.6631, -11.503453;
 1077.6631, -11.503453;
 1077.6631, -11.503453;
 1077.6631, -11.503453;
 1075.9471, -9.2876844;
 1074.2366, -7.0789599;
 1072.5315, -4.8772473;
 1072.5315, -4.8772473;
 1074.2366, -7.0789599;
 1074.2366, -7.0789599;
 1075.9471, -9.2876844;
 1075.9471, -9.2876844;
 1075.9471, -9.2876844;
 1075.9471, -9.2876844;
 1075.9471, -9.2876844;
 1077.6631, -11.503453;
 1077.6631, -11.503453;
 1075.9471, -9.2876844;
 1075.9471, -9.2876844;
 1075.9471, -9.2876844;
 1077.6631, -11.503453;
 1077.6631, -11.503453;
 1077.6631, -11.503453;
 1079.3846, -13.726303;
 1081.1117, -15.956265;
 1082.8442, -18.193375;
 1082.8442, -18.193375;
 1074.484, -11.960149;
 1074.484, -11.960149;
 1074.484, -11.960149;
 1074.484, -11.960149;
 1074.484, -11.960149;
 1076.1976, -14.180181;
 1076.1976, -14.180181;
 1076.1976, -14.180181;
 1076.1976, -14.180181;
 1076.1976, -14.180181;
 1076.1976, -14.180181;
 1074.484, -11.960149;
 1074.484, -11.960149;
 1072.7759, -9.7471762;
 1071.073, -7.5412278;
 1071.073, -7.5412278;
 1069.3755, -5.3422713;
 1071.073, -7.5412278;
 1071.073, -7.5412278;
 1072.7759, -9.7471762;
 1072.7759, -9.7471762;
 1072.7759, -9.7471762;
 1072.7759, -9.7471762;
 1072.7759, -9.7471762;
 1072.7759, -9.7471762;
 1072.7759, -9.7471762;
 1072.7759, -9.7471762;
 1072.7759, -9.7471762;
 1072.7759, -9.7471762;
 1072.7759, -9.7471762;
 1072.7759, -9.7471762;
 1074.484, -11.960149;
 1076.1976, -14.180181;
 1077.9169, -16.407305;
 1077.9169, -16.407305;
 1071.3151, -12.415298;
 1071.3151, -12.415298;
 1071.3151, -12.415298;
 1071.3151, -12.415298;
 1071.3151, -12.415298;
 1073.021, -14.632522;
 1073.021, -14.632522;
 1074.7323, -16.856815;
 1074.7323, -16.856815;
 1074.7323, -16.856815;
 1073.021, -14.632522;
 1073.021, -14.632522;
 1073.021, -14.632522;
 1071.3151, -12.415298;
 1071.3151, -12.415298;
 1069.6146, -10.205116;
 1067.9193, -8.0019369;
 1067.9193, -8.0019369;
 1067.9193, -8.0019369;
 1069.6146, -10.205116;
 1069.6146, -10.205116;
 1069.6146, -10.205116;
 1069.6146, -10.205116;
 1069.6146, -10.205116;
 1069.6146, -10.205116;
 1069.6146, -10.205116;
 1067.9193, -8.0019369;
 1067.9193, -8.0019369;
 1067.9193, -8.0019369;
 1067.9193, -8.0019369;
 1069.6146, -10.205116;
 1069.6146, -10.205116;
 1071.3151, -12.415298;
 1073.021, -14.632522;
 1073.021, -14.632522;
 1074.7323, -16.856815;
 1066.4633, -10.661603;
 1066.4633, -10.661603;
 1066.4633, -10.661603;
 1066.4633, -10.661603;
 1068.1561, -12.869004;
 1068.1561, -12.869004;
 1068.1561, -12.869004;
 1069.8542, -15.083422;
 1069.8542, -15.083422;
 1071.5579, -17.304893;
 1071.5579, -17.304893;
 1071.5579, -17.304893;
 1069.8542, -15.083422;
 1069.8542, -15.083422;
 1069.8542, -15.083422;
 1068.1561, -12.869004;
 1066.4633, -10.661603;
 1063.0936, -6.2677288;
 1063.0936, -6.2677288;
 1064.7758, -8.4611902;
 1064.7758, -8.4611902;
 1066.4633, -10.661603;
 1068.1561, -12.869004;
 1068.1561, -12.869004;
 1066.4633, -10.661603;
 1066.4633, -10.661603;
 1066.4633, -10.661603;
 1066.4633, -10.661603;
 1064.7758, -8.4611902;
 1064.7758, -8.4611902;
 1066.4633, -10.661603;
 1066.4633, -10.661603;
 1066.4633, -10.661603;
 1068.1561, -12.869004;
 1069.8542, -15.083422;
 1069.8542, -15.083422;
 1061.6421, -8.9190836;
 1063.322, -11.11674;
 1063.322, -11.11674;
 1063.322, -11.11674;
 1063.322, -11.11674;
 1063.322, -11.11674;
 1065.0071, -13.321362;
 1066.6976, -15.532985;
 1066.6976, -15.532985;
 1066.6976, -15.532985;
 1066.6976, -15.532985;
 1066.6976, -15.532985;
 1066.6976, -15.532985;
 1065.0071, -13.321362;
 1065.0071, -13.321362;
 1061.6421, -8.9190836;
 1061.6421, -8.9190836;
 1061.6421, -8.9190836;
 1061.6421, -8.9190836;
 1061.6421, -8.9190836;
 1063.322, -11.11674;
 1063.322, -11.11674;
 1061.6421, -8.9190836;
 1063.322, -11.11674;
 1063.322, -11.11674;
 1065.0071, -13.321362;
 1066.6976, -15.532985;
 1068.3936, -17.751638;
 1060.1906, -11.570347;
 1060.1906, -11.570347;
 1060.1906, -11.570347;
 1061.8682, -13.772199;
