 3151.448, 137.38553;
 3151.448, 137.38553;
 3151.448, 137.38553;
 3158.8904, 127.64924;
 3158.8904, 127.64924;
 3158.8904, 127.64924;
 3148.3955, 131.80986;
 3148.3955, 131.80986;
 3158.8904, 127.64924;
 3158.8904, 127.64924;
 3158.8904, 127.64924;
 3148.3955, 131.80986;
 3148.3955, 131.80986;
 3148.3955, 131.80986;
 3148.3955, 131.80986;
 3148.3955, 131.80986;
 3158.8904, 127.64924;
 3155.8276, 122.05508;
 3145.343, 126.23428;
 3145.343, 126.23428;
 3155.8276, 122.05508;
 3155.8276, 122.05508;
 3155.8276, 122.05508;
 3145.343, 126.23428;
 3145.343, 126.23428;
 3145.343, 126.23428;
 3145.343, 126.23428;
 3145.343, 126.23428;
 3145.343, 126.23428;
 3155.8276, 122.05508;
 3155.8276, 122.05508;
 3152.7649, 116.46081;
 3152.7649, 116.46081;
 3152.7649, 116.46081;
 3152.7649, 116.46081;
 3152.7649, 116.46081;
 3142.2903, 120.6586;
 3142.2903, 120.6586;
 3142.2903, 120.6586;
 3142.2903, 120.6586;
 3131.8855, 124.82861;
 3142.2903, 120.6586;
 3142.2903, 120.6586;
 3142.2903, 120.6586;
 3149.7021, 110.86655;
 3149.7021, 110.86655;
 3149.7021, 110.86655;
 3149.7021, 110.86655;
 3139.2378, 115.08292;
 3139.2378, 115.08292;
 3128.843, 119.27139;
 3128.843, 119.27139;
 3128.843, 119.27139;
 3128.843, 119.27139;
 3128.843, 119.27139;
 3128.843, 119.27139;
 3157.1631, 101.00908;
 3157.1631, 101.00908;
 3157.1631, 101.00908;
 3146.6394, 105.27238;
 3146.6394, 105.27238;
 3146.6394, 105.27238;
 3146.6394, 105.27238;
 3136.1853, 109.50735;
 3125.8005, 113.71428;
 3125.8005, 113.71428;
 3125.8005, 113.71428;
 3125.8005, 113.71428;
 3125.8005, 113.71428;
 3125.8005, 113.71428;
 3125.8005, 113.71428;
 3154.0901, 95.396111;
 3154.0901, 95.396111;
 3154.0901, 95.396111;
 3143.5767, 99.678123;
 3143.5767, 99.678123;
 3143.5767, 99.678123;
 3143.5767, 99.678123;
 3133.1326, 103.93167;
 3122.7581, 108.15707;
 3122.7581, 108.15707;
 3122.7581, 108.15707;
 3122.7581, 108.15707;
 3122.7581, 108.15707;
 3122.7581, 108.15707;
 3122.7581, 108.15707;
 3140.5139, 94.083862;
 3140.5139, 94.083862;
 3140.5139, 94.083862;
 3140.5139, 94.083862;
 3140.5139, 94.083862;
 3140.5139, 94.083862;
 3140.5139, 94.083862;
 3130.0801, 98.356003;
 3119.7156, 102.59985;
 3119.7156, 102.59985;
 3119.7156, 102.59985;
 3119.7156, 102.59985;
 3119.7156, 102.59985;
 3119.7156, 102.59985;
 3119.7156, 102.59985;
 3127.0273, 92.780418;
 3127.0273, 92.780418;
 3127.0273, 92.780418;
 3127.0273, 92.780418;
 3127.0273, 92.780418;
 3127.0273, 92.780418;
 3127.0273, 92.780418;
 3127.0273, 92.780418;
 3116.6731, 97.04274;
 3116.6731, 97.04274;
 3116.6731, 97.04274;
 3116.6731, 97.04274;
 3116.6731, 97.04274;
 3116.6731, 97.04274;
 3116.6731, 97.04274;
 3116.6731, 97.04274;
 3113.6306, 91.485527;
 3113.6306, 91.485527;
 3113.6306, 91.485527;
 3113.6306, 91.485527;
 3113.6306, 91.485527;
 3113.6306, 91.485527;
 3113.6306, 91.485527;
 3113.6306, 91.485527;
 3113.6306, 91.485527;
 3110.5881, 85.928314;
 3110.5881, 85.928314;
 3110.5881, 85.928314;
