 1403.6204, 35.315247;
 1406.2295, 32.815838;
 1406.2295, 32.815838;
 1396.733, 37.184231;
 1399.3196, 34.697536;
 1399.3196, 34.697536;
 1407.1371, 27.181881;
 1392.4609, 36.565353;
 1392.4609, 36.565353;
 1392.4609, 36.565353;
 1392.4609, 36.565353;
 1397.618, 31.589668;
 1408.0481, 21.526903;
 1388.2043, 35.948643;
 1388.2043, 35.948643;
 1385.6525, 38.419323;
 1385.6525, 38.419323;
 1385.6525, 38.419323;
 1388.2043, 35.948643;
 1395.9165, 28.481689;
 1403.715, 20.931309;
 1408.9625, 15.850677;
 1408.9625, 15.850677;
 1408.9625, 15.850677;
 1383.9634, 35.334305;
 1383.9634, 35.334305;
 1381.4241, 37.801582;
 1381.4241, 37.801582;
 1381.4241, 37.801582;
 1383.9634, 35.334305;
 1386.5122, 32.857944;
 1391.6379, 27.87775;
 1394.215, 25.373821;
 1399.3981, 20.338036;
 1402.0039, 17.806076;
 1402.0039, 17.806076;
 1399.3981, 20.338036;
 1399.3981, 20.338036;
 1402.0039, 17.806076;
 1402.0039, 17.806076;
 1407.245, 12.713762;
 1409.8804, 10.153301;
 1409.8804, 10.153301;
 1382.2744, 32.24929;
 1379.7382, 34.722225;
 1379.7382, 34.722225;
 1377.2112, 37.186108;
 1377.2112, 37.186108;
 1379.7382, 34.722225;
 1382.2744, 32.24929;
 1384.8201, 29.767244;
 1387.3751, 27.276041;
 1389.9396, 24.775625;
 1389.9396, 24.775625;
 1389.9396, 24.775625;
 1389.9396, 24.775625;
 1389.9396, 24.775625;
 1389.9396, 24.775625;
 1392.5135, 22.265951;
 1392.5135, 22.265951;
 1395.0969, 19.746962;
 1400.293, 14.680844;
 1405.5276, 9.5768471;
 1408.1597, 7.0105119;
 1408.1597, 7.0105119;
 1405.5276, 9.5768471;
 1405.5276, 9.5768471;
 1405.5276, 9.5768471;
 1405.5276, 9.5768471;
 1405.5276, 9.5768471;
 1405.5276, 9.5768471;
 1378.0522, 31.642761;
 1378.0522, 31.642761;
 1378.0522, 31.642761;
 1375.5283, 34.112282;
 1375.5283, 34.112282;
 1378.0522, 31.642761;
 1380.5854, 29.164165;
 1380.5854, 29.164165;
 1383.1279, 26.676439;
 1385.6798, 24.179531;
 1385.6798, 24.179531;
 1385.6798, 24.179531;
 1385.6798, 24.179531;
 1385.6798, 24.179531;
 1385.6798, 24.179531;
 1388.2411, 21.673393;
 1388.2411, 21.673393;
 1390.812, 19.157974;
 1393.3922, 16.633219;
 1395.9823, 14.099081;
 1401.1912, 9.0024357;
 1406.439, 3.8676133;
 1406.439, 3.8676133;
 1406.439, 3.8676133;
 1403.8102, 6.4398236;
 1403.8102, 6.4398236;
 1398.5819, 11.555504;
 1395.9823, 14.099081;
 1395.9823, 14.099081;
 1395.9823, 14.099081;
 1395.9823, 14.099081;
 1395.9823, 14.099081;
 1376.3663, 28.563406;
 1376.3663, 28.563406;
 1376.3663, 28.563406;
 1376.3663, 28.563406;
 1376.3663, 28.563406;
 1376.3663, 28.563406;
 1376.3663, 28.563406;
 1378.8964, 26.079147;
 1378.8964, 26.079147;
 1381.4358, 23.585739;
 1381.4358, 23.585739;
 1383.9846, 21.08313;
 1383.9846, 21.08313;
 1383.9846, 21.08313;
 1383.9846, 21.08313;
 1383.9846, 21.08313;
 1383.9846, 21.08313;
 1386.5427, 18.571268;
 1386.5427, 18.571268;
 1389.1105, 16.050104;
 1391.6875, 13.519584;
 1394.2744, 10.979658;
 1396.8708, 8.4302721;
 1396.8708, 8.4302721;
 1396.8708, 8.4302721;
 1394.2744, 10.979658;
 1394.2744, 10.979658;
 1391.6875, 13.519584;
 1389.1105, 16.050104;
 1389.1105, 16.050104;
 1389.1105, 16.050104;
 1389.1105, 16.050104;
 1374.6803, 25.484049;
 1374.6803, 25.484049;
 1374.6803, 25.484049;
 1374.6803, 25.484049;
 1374.6803, 25.484049;
 1374.6803, 25.484049;
 1374.6803, 25.484049;
 1377.2074, 22.994129;
 1377.2074, 22.994129;
 1377.2074, 22.994129;
 1379.7437, 20.495041;
 1379.7437, 20.495041;
 1379.7437, 20.495041;
 1379.7437, 20.495041;
 1379.7437, 20.495041;
 1379.7437, 20.495041;
 1379.7437, 20.495041;
 1382.2893, 17.986729;
 1382.2893, 17.986729;
 1384.8444, 15.469144;
 1384.8444, 15.469144;
 1387.4089, 12.942235;
 1389.9829, 10.405949;
 1389.9829, 10.405949;
 1389.9829, 10.405949;
 1387.4089, 12.942235;
 1387.4089, 12.942235;
 1384.8444, 15.469144;
 1384.8444, 15.469144;
 1382.2893, 17.986729;
 1382.2893, 17.986729;
 1382.2893, 17.986729;
 1372.9944, 22.404585;
 1372.9944, 22.404585;
 1372.9944, 22.404585;
 1372.9944, 22.404585;
 1372.9944, 22.404585;
 1372.9944, 22.404585;
 1372.9944, 22.404585;
 1375.5183, 19.909006;
 1375.5183, 19.909006;
 1375.5183, 19.909006;
 1375.5183, 19.909006;
 1375.5183, 19.909006;
 1375.5183, 19.909006;
 1375.5183, 19.909006;
 1375.5183, 19.909006;
 1375.5183, 19.909006;
 1375.5183, 19.909006;
 1378.0515, 17.404234;
 1378.0515, 17.404234;
 1378.0515, 17.404234;
 1380.5941, 14.890221;
 1380.5941, 14.890221;
 1383.146, 12.366911;
 1383.146, 12.366911;
 1383.146, 12.366911;
 1380.5941, 14.890221;
 1380.5941, 14.890221;
 1378.0515, 17.404234;
 1378.0515, 17.404234;
 1378.0515, 17.404234;
 1378.0515, 17.404234;
 1368.7971, 21.817307;
 1368.7971, 21.817307;
 1371.3086, 19.325228;
 1371.3086, 19.325228;
 1371.3086, 19.325228;
 1371.3086, 19.325228;
 1371.3086, 19.325228;
 1371.3086, 19.325228;
 1373.8295, 16.823988;
 1373.8295, 16.823988;
 1373.8295, 16.823988;
 1373.8295, 16.823988;
 1373.8295, 16.823988;
 1373.8295, 16.823988;
 1373.8295, 16.823988;
 1373.8295, 16.823988;
 1373.8295, 16.823988;
 1373.8295, 16.823988;
 1373.8295, 16.823988;
 1373.8295, 16.823988;
 1373.8295, 16.823988;
 1373.8295, 16.823988;
 1376.3595, 14.313536;
 1376.3595, 14.313536;
 1376.3595, 14.313536;
 1376.3595, 14.313536;
 1376.3595, 14.313536;
 1373.8295, 16.823988;
 1373.8295, 16.823988;
 1373.8295, 16.823988;
 1373.8295, 16.823988;
 1367.1143, 18.743589;
 1367.1143, 18.743589;
 1367.1143, 18.743589;
 1367.1143, 18.743589;
 1367.1143, 18.743589;
 1367.1143, 18.743589;
 1367.1143, 18.743589;
 1367.1143, 18.743589;
 1367.1143, 18.743589;
 1367.1143, 18.743589;
 1367.1143, 18.743589;
 1367.1143, 18.743589;
 1367.1143, 18.743589;
 1367.1143, 18.743589;
 1367.1143, 18.743589;
 1367.1143, 18.743589;
 1369.6227, 16.245871;
 1369.6227, 16.245871;
 1372.1404, 13.738971;
 1372.1404, 13.738971;
 1372.1404, 13.738971;
 1372.1404, 13.738971;
 1372.1404, 13.738971;
 1372.1404, 13.738971;
 1372.1404, 13.738971;
 1372.1404, 13.738971;
 1372.1404, 13.738971;
 1372.1404, 13.738971;
 1372.1404, 13.738971;
 1372.1404, 13.738971;
 1372.1404, 13.738971;
 1362.9353, 18.163971;
 1362.9353, 18.163971;
 1362.9353, 18.163971;
 1362.9353, 18.163971;
 1362.9353, 18.163971;
 1362.9353, 18.163971;
 1362.9353, 18.163971;
 1360.4481, 20.649075;
 1360.4481, 20.649075;
 1360.4481, 20.649075;
 1360.4481, 20.649075;
 1360.4481, 20.649075;
 1360.4481, 20.649075;
 1360.4481, 20.649075;
 1362.9353, 18.163971;
 1362.9353, 18.163971;
 1362.9353, 18.163971;
 1365.4315, 15.669766;
 1367.9368, 13.166408;
 1367.9368, 13.166408;
 1367.9368, 13.166408;
 1367.9368, 13.166408;
 1367.9368, 13.166408;
 1370.4514, 10.653846;
 1370.4514, 10.653846;
 1367.9368, 13.166408;
 1367.9368, 13.166408;
 1367.9368, 13.166408;
 1365.4315, 15.669766;
 1365.4315, 15.669766;
 1361.2555, 15.095874;
 1361.2555, 15.095874;
 1361.2555, 15.095874;
 1361.2555, 15.095874;
 1361.2555, 15.095874;
 1363.7487, 12.596049;
 1363.7487, 12.596049;
 1363.7487, 12.596049;
 1363.7487, 12.596049;
 1361.2555, 15.095874;
 1361.2555, 15.095874;
 1361.2555, 15.095874;
