 1009.0128, 11.636129;
 1009.0128, 11.636129;
 1009.0128, 11.636129;
 1009.0128, 11.636129;
 1009.1505, 6.9847226;
 1007.6121, 9.077733;
 1007.6121, 9.077733;
 1007.6121, 9.077733;
 1007.6121, 9.077733;
 1007.6121, 9.077733;
 1007.6121, 9.077733;
 1007.6121, 9.077733;
 1007.6121, 9.077733;
 1007.6121, 9.077733;
 1009.1505, 6.9847226;
 1009.1505, 6.9847226;
 1006.2114, 6.5194263;
 1006.2114, 6.5194263;
 1006.2114, 6.5194263;
 1006.2114, 6.5194263;
 1006.2114, 6.5194263;
 1006.2114, 6.5194263;
 1006.2114, 6.5194263;
 1006.2114, 6.5194263;
 1006.2114, 6.5194263;
 1006.2114, 6.5194263;
 1006.2114, 6.5194263;
 1007.7477, 4.4225097;
 1009.2886, 2.3191805;
 1009.2886, 2.3191805;
 1009.2886, 2.3191805;
 1009.2886, 2.3191805;
 1009.2886, 2.3191805;
 1009.2886, 2.3191805;
 1007.7477, 4.4225097;
 1007.7477, 4.4225097;
 1006.2114, 6.5194263;
 1006.2114, 6.5194263;
 1004.8109, 3.9611194;
 1004.8109, 3.9611194;
 1004.8109, 3.9611194;
 1004.8109, 3.9611194;
 1004.8109, 3.9611194;
 1004.8109, 3.9611194;
 1004.8109, 3.9611194;
 1004.8109, 3.9611194;
 1004.8109, 3.9611194;
 1004.8109, 3.9611194;
 1004.8109, 3.9611194;
 1006.345, 1.8602968;
 1006.345, 1.8602968;
 1007.8838, -0.24695037;
 1007.8838, -0.24695037;
 1007.8838, -0.24695037;
 1007.8838, -0.24695037;
 1007.8838, -0.24695037;
 1007.8838, -0.24695037;
 1007.8838, -0.24695037;
 1007.8838, -0.24695037;
 1007.8838, -0.24695037;
 1009.4272, -2.3606517;
 1009.4272, -2.3606517;
 1007.8838, -0.24695037;
 1007.8838, -0.24695037;
 1007.8838, -0.24695037;
 1006.345, 1.8602968;
 1004.8109, 3.9611194;
 1004.8109, 3.9611194;
 1004.8109, 3.9611194;
 1004.8109, 3.9611194;
 1003.4102, 1.4027236;
 1003.4102, 1.4027236;
 1003.4102, 1.4027236;
 1003.4102, 1.4027236;
 1003.4102, 1.4027236;
 1003.4102, 1.4027236;
 1003.4102, 1.4027236;
 1003.4102, 1.4027236;
 1003.4102, 1.4027236;
 1003.4102, 1.4027236;
 1003.4102, 1.4027236;
 1003.4102, 1.4027236;
 1004.9422, -0.70200509;
 1004.9422, -0.70200509;
 1004.9422, -0.70200509;
 1006.4789, -2.8131704;
 1006.4789, -2.8131704;
 1006.4789, -2.8131704;
 1004.9422, -0.70200509;
 1004.9422, -0.70200509;
 1004.9422, -0.70200509;
 1004.9422, -0.70200509;
 1006.4789, -2.8131704;
 1008.0201, -4.9308019;
 1009.5662, -7.0549288;
 1009.5662, -7.0549288;
 1008.0201, -4.9308019;
 1006.4789, -2.8131704;
 1006.4789, -2.8131704;
 1004.9422, -0.70200509;
 1004.9422, -0.70200509;
 1003.4102, 1.4027236;
 1003.4102, 1.4027236;
 1003.4102, 1.4027236;
 1000.3604, 5.592989;
 1002.0096, -1.1555835;
 1002.0096, -1.1555835;
 1002.0096, -1.1555835;
 1002.0096, -1.1555835;
 1000.4846, 0.94663203;
 1000.4846, 0.94663203;
 1000.4846, 0.94663203;
 1000.4846, 0.94663203;
 1000.4846, 0.94663203;
 1002.0096, -1.1555835;
 1002.0096, -1.1555835;
 1002.0096, -1.1555835;
 1002.0096, -1.1555835;
 1003.5394, -3.2642176;
 1003.5394, -3.2642176;
 1003.5394, -3.2642176;
 1003.5394, -3.2642176;
 1003.5394, -3.2642176;
 1003.5394, -3.2642176;
 1002.0096, -1.1555835;
 1002.0096, -1.1555835;
 1002.0096, -1.1555835;
 1002.0096, -1.1555835;
 1003.5394, -3.2642176;
 1005.0739, -5.3793011;
 1005.0739, -5.3793011;
 1005.0739, -5.3793011;
 1003.5394, -3.2642176;
 1003.5394, -3.2642176;
 1002.0096, -1.1555835;
 1002.0096, -1.1555835;
 1000.4846, 0.94663203;
 998.96399, 3.0424578;
 998.96399, 3.0424578;
 999.086, -1.6077812;
 999.086, -1.6077812;
 999.086, -1.6077812;
 999.086, -1.6077812;
 997.56763, 0.49192676;
 997.56763, 0.49192676;
 997.56763, 0.49192676;
 997.56763, 0.49192676;
 999.086, -1.6077812;
 999.086, -1.6077812;
 1000.6089, -3.7138903;
 1000.6089, -3.7138903;
 1000.6089, -3.7138903;
 1000.6089, -3.7138903;
 1000.6089, -3.7138903;
 1000.6089, -3.7138903;
 1000.6089, -3.7138903;
 1000.6089, -3.7138903;
 1000.6089, -3.7138903;
 1000.6089, -3.7138903;
 1000.6089, -3.7138903;
 1000.6089, -3.7138903;
 1000.6089, -3.7138903;
 1000.6089, -3.7138903;
 1000.6089, -3.7138903;
 1002.1366, -5.8264303;
 1002.1366, -5.8264303;
 1000.6089, -3.7138903;
 1000.6089, -3.7138903;
 1000.6089, -3.7138903;
 999.086, -1.6077812;
 997.56763, 0.49192676;
 996.05383, 2.5852623;
 994.54468, 4.6722541;
 996.1712, -2.0586929;
 996.1712, -2.0586929;
 996.1712, -2.0586929;
 996.1712, -2.0586929;
 994.65961, 0.038512871;
 994.65961, 0.038512871;
 994.65961, 0.038512871;
 994.65961, 0.038512871;
 994.65961, 0.038512871;
 994.65961, 0.038512871;
 996.1712, -2.0586929;
 997.6875, -4.1622834;
 999.20825, -6.2722864;
 999.20825, -6.2722864;
 999.20825, -6.2722864;
 999.20825, -6.2722864;
 999.20825, -6.2722864;
 999.20825, -6.2722864;
 999.20825, -6.2722864;
 999.20825, -6.2722864;
 997.6875, -4.1622834;
 997.6875, -4.1622834;
 997.6875, -4.1622834;
 997.6875, -4.1622834;
 999.20825, -6.2722864;
 999.20825, -6.2722864;
 999.20825, -6.2722864;
 999.20825, -6.2722864;
 999.20825, -6.2722864;
 997.6875, -4.1622834;
 997.6875, -4.1622834;
 996.1712, -2.0586929;
 994.65961, 0.038512871;
 993.15253, 2.1293635;
 990.15204, 6.2921152;
 993.26532, -2.508148;
 993.26532, -2.508148;
 993.26532, -2.508148;
 991.76038, -0.41343856;
 991.76038, -0.41343856;
 991.76038, -0.41343856;
 991.76038, -0.41343856;
 991.76038, -0.41343856;
 991.76038, -0.41343856;
 993.26532, -2.508148;
 993.26532, -2.508148;
 994.77484, -4.6092243;
 996.289, -6.7166967;
 996.289, -6.7166967;
 996.289, -6.7166967;
 996.289, -6.7166967;
 996.289, -6.7166967;
 996.289, -6.7166967;
 996.289, -6.7166967;
 996.289, -6.7166967;
 994.77484, -4.6092243;
 994.77484, -4.6092243;
 994.77484, -4.6092243;
 994.77484, -4.6092243;
 996.289, -6.7166967;
 996.289, -6.7166967;
 996.289, -6.7166967;
 996.289, -6.7166967;
 996.289, -6.7166967;
 994.77484, -4.6092243;
 994.77484, -4.6092243;
 993.26532, -2.508148;
 991.76038, -0.41343856;
 990.25995, 1.6749328;
 990.36816, -2.9562407;
 990.36816, -2.9562407;
 988.86993, -0.86402249;
 990.36816, -2.9562407;
 988.86993, -0.86402249;
 988.86993, -0.86402249;
 988.86993, -0.86402249;
 988.86993, -0.86402249;
 988.86993, -0.86402249;
 988.86993, -0.86402249;
 990.36816, -2.9562407;
 991.87103, -5.0548086;
 993.37842, -7.1597557;
 993.37842, -7.1597557;
 993.37842, -7.1597557;
 994.89044, -9.2711096;
 994.89044, -9.2711096;
 994.89044, -9.2711096;
 994.89044, -9.2711096;
 993.37842, -7.1597557;
 993.37842, -7.1597557;
 993.37842, -7.1597557;
 993.37842, -7.1597557;
 993.37842, -7.1597557;
 993.37842, -7.1597557;
 993.37842, -7.1597557;
 994.89044, -9.2711096;
 994.89044, -9.2711096;
 994.89044, -9.2711096;
 993.37842, -7.1597557;
 993.37842, -7.1597557;
 993.37842, -7.1597557;
 991.87103, -5.0548086;
 988.86993, -0.86402249;
 987.3761, 1.2218748;
 985.98816, -1.3133334;
 985.98816, -1.3133334;
 985.98816, -1.3133334;
 985.98816, -1.3133334;
 985.98816, -1.3133334;
 985.98816, -1.3133334;
 985.98816, -1.3133334;
 985.98816, -1.3133334;
 985.98816, -1.3133334;
 985.98816, -1.3133334;
 985.98816, -1.3133334;
 987.47986, -3.4030664;
 988.97601, -5.4991312;
 990.47675, -7.6015577;
 990.47675, -7.6015577;
 991.98206, -9.7103748;
 991.98206, -9.7103748;
 991.98206, -9.7103748;
 991.98206, -9.7103748;
 991.98206, -9.7103748;
 991.98206, -9.7103748;
 990.47675, -7.6015577;
 991.98206, -9.7103748;
 990.47675, -7.6015577;
 990.47675, -7.6015577;
 990.47675, -7.6015577;
 990.47675, -7.6015577;
 991.98206, -9.7103748;
 993.49194, -11.825612;
 991.98206, -9.7103748;
 991.98206, -9.7103748;
 991.98206, -9.7103748;
 990.47675, -7.6015577;
 988.97601, -5.4991312;
 987.47986, -3.4030664;
 984.50104, 0.77009553;
 977.21942, 6.5252233;
 978.68665, 4.4629488;
 980.15839, 2.3944719;
 980.15839, 2.3944719;
 978.68665, 4.4629488;
 978.68665, 4.4629488;
 978.68665, 4.4629488;
 981.63458, 0.31976491;
 981.63458, 0.31976491;
 981.63458, 0.31976491;
 981.63458, 0.31976491;
 981.63458, 0.31976491;
 983.11517, -1.7612008;
 984.60022, -3.8484533;
 986.08978, -5.9420218;
 987.58386, -8.041934;
 989.08246, -10.148218;
 989.08246, -10.148218;
 990.58563, -12.260906;
 990.58563, -12.260906;
 990.58563, -12.260906;
 989.08246, -10.148218;
 989.08246, -10.148218;
 989.08246, -10.148218;
 989.08246, -10.148218;
 989.08246, -10.148218;
 987.58386, -8.041934;
 987.58386, -8.041934;
 989.08246, -10.148218;
 989.08246, -10.148218;
 990.58563, -12.260906;
 990.58563, -12.260906;
 987.58386, -8.041934;
 987.58386, -8.041934;
 986.08978, -5.9420218;
 986.08978, -5.9420218;
 983.11517, -1.7612008;
 974.38104, 6.068974;
 975.84186, 4.0091071;
 975.84186, 4.0091071;
 975.84186, 4.0091071;
 975.84186, 4.0091071;
 975.84186, 4.0091071;
 975.84186, 4.0091071;
 975.84186, 4.0091071;
 975.84186, 4.0091071;
 975.84186, 4.0091071;
 977.30707, 1.9430547;
 977.30707, 1.9430547;
 980.25079, -2.2077193;
 981.72931, -4.2924972;
 984.69977, -8.4809771;
 986.19171, -10.584736;
 987.68817, -12.69488;
 987.68817, -12.69488;
 989.18927, -14.811438;
 989.18927, -14.811438;
 989.18927, -14.811438;
 987.68817, -12.69488;
 987.68817, -12.69488;
 986.19171, -10.584736;
 986.19171, -10.584736;
 986.19171, -10.584736;
 986.19171, -10.584736;
 986.19171, -10.584736;
 986.19171, -10.584736;
 986.19171, -10.584736;
 986.19171, -10.584736;
 986.19171, -10.584736;
 984.69977, -8.4809771;
 983.21228, -6.3835731;
 981.72931, -4.2924972;
 981.72931, -4.2924972;
 977.30707, 1.9430547;
 971.55109, 5.6140008;
 973.00555, 3.5565369;
 973.00555, 3.5565369;
 974.46429, 1.4929035;
 974.46429, 1.4929035;
 973.00555, 3.5565369;
 973.00555, 3.5565369;
 973.00555, 3.5565369;
 973.00555, 3.5565369;
 973.00555, 3.5565369;
 973.00555, 3.5565369;
 973.00555, 3.5565369;
 974.46429, 1.4929035;
 975.92743, -0.57692695;
 980.34344, -6.8238811;
 983.30969, -11.02002;
 984.79956, -13.127627;
 986.29395, -15.24163;
 986.29395, -15.24163;
 986.29395, -15.24163;
 987.79285, -17.362057;
 986.29395, -15.24163;
 986.29395, -15.24163;
 984.79956, -13.127627;
 984.79956, -13.127627;
 984.79956, -13.127627;
 983.30969, -11.02002;
 983.30969, -11.02002;
 983.30969, -11.02002;
 983.30969, -11.02002;
 983.30969, -11.02002;
 983.30969, -11.02002;
 983.30969, -11.02002;
 981.82428, -8.9187813;
 980.34344, -6.8238811;
 980.34344, -6.8238811;
 978.86707, -4.7352915;
 975.92743, -0.57692695;
 967.28595, 7.209415;
 968.72961, 5.1604733;
 970.17767, 3.1054068;
 970.17767, 3.1054068;
 971.63007, 1.0441875;
 971.63007, 1.0441875;
 970.17767, 3.1054068;
 970.17767, 3.1054068;
 970.17767, 3.1054068;
 970.17767, 3.1054068;
 970.17767, 3.1054068;
 970.17767, 3.1054068;
 970.17767, 3.1054068;
 971.63007, 1.0441875;
 973.08673, -1.0232126;
 976.01331, -5.1766658;
 980.43634, -11.453901;
 981.91962, -13.558975;
 983.40741, -15.670429;
 983.40741, -15.670429;
 983.40741, -15.670429;
 984.89966, -17.78829;
 984.89966, -17.78829;
 981.91962, -13.558975;
 981.91962, -13.558975;
 981.91962, -13.558975;
 981.91962, -13.558975;
 981.91962, -13.558975;
 980.43634, -11.453901;
 980.43634, -11.453901;
 980.43634, -11.453901;
 981.91962, -13.558975;
 981.91962, -13.558975;
 980.43634, -11.453901;
 977.48328, -7.2627754;
 977.48328, -7.2627754;
 977.48328, -7.2627754;
 974.54779, -3.0968208;
 973.08673, -1.0232126;
 964.47919, 6.7548628;
 965.91663, 4.7082982;
 967.35828, 2.6556234;
 967.35828, 2.6556234;
 967.35828, 2.6556234;
 967.35828, 2.6556234;
 965.91663, 4.7082982;
 965.91663, 4.7082982;
 965.91663, 4.7082982;
 965.91663, 4.7082982;
 965.91663, 4.7082982;
 965.91663, 4.7082982;
 967.35828, 2.6556234;
 967.35828, 2.6556234;
 970.25458, -1.4681621;
 971.70923, -3.5393286;
 974.63159, -7.7003493;
 979.0484, -13.989021;
 980.5296, -16.097931;
 980.5296, -16.097931;
 980.5296, -16.097931;
 980.5296, -16.097931;
 980.5296, -16.097931;
 977.57172, -11.886474;
 977.57172, -11.886474;
 977.57172, -11.886474;
 977.57172, -11.886474;
 977.57172, -11.886474;
 976.09949, -9.7902594;
 976.09949, -9.7902594;
 977.57172, -11.886474;
 977.57172, -11.886474;
 976.09949, -9.7902594;
 976.09949, -9.7902594;
 973.16821, -5.616715;
 971.70923, -3.5393286;
 971.70923, -3.5393286;
 971.70923, -3.5393286;
 963.11194, 4.257381;
 963.11194, 4.257381;
 964.5473, 2.207094;
 964.5473, 2.207094;
 965.98688, 0.15068653;
 964.5473, 2.207094;
 964.5473, 2.207094;
 964.5473, 2.207094;
 963.11194, 4.257381;
 963.11194, 4.257381;
 963.11194, 4.257381;
 964.5473, 2.207094;
 964.5473, 2.207094;
 964.5473, 2.207094;
 965.98688, 0.15068653;
 967.43079, -1.9118685;
 970.33167, -6.055532;
 971.78857, -8.1366968;
 976.18585, -14.417858;
 976.18585, -14.417858;
 974.7157, -12.317832;
 974.7157, -12.317832;
 973.24994, -10.22412;
 971.78857, -8.1366968;
 970.33167, -6.055532;
 970.33167, -6.055532;
 970.33167, -6.055532;
 970.33167, -6.055532;
 970.33167, -6.055532;
 970.33167, -6.055532;
 971.78857, -8.1366968;
 971.78857, -8.1366968;
 970.33167, -6.055532;
 970.33167, -6.055532;
 968.87909, -3.9805989;
 968.87909, -3.9805989;
 968.87909, -3.9805989;
 968.87909, -3.9805989;
 961.74469, 1.7599859;
 961.74469, 1.7599859;
 961.74469, 1.7599859;
 963.17804, -0.29402304;
 963.17804, -0.29402304;
 961.74469, 1.7599859;
 961.74469, 1.7599859;
 961.74469, 1.7599859;
 961.74469, 1.7599859;
 961.74469, 1.7599859;
 961.74469, 1.7599859;
 961.74469, 1.7599859;
 961.74469, 1.7599859;
 961.74469, 1.7599859;
 963.17804, -0.29402304;
 963.17804, -0.29402304;
 966.05743, -4.4204626;
 968.95416, -8.5716486;
 968.95416, -8.5716486;
 968.95416, -8.5716486;
 968.95416, -8.5716486;
 968.95416, -8.5716486;
 967.50366, -6.4929485;
 967.50366, -6.4929485;
 966.05743, -4.4204626;
 966.05743, -4.4204626;
 966.05743, -4.4204626;
 966.05743, -4.4204626;
 966.05743, -4.4204626;
 966.05743, -4.4204626;
 967.50366, -6.4929485;
 967.50366, -6.4929485;
 967.50366, -6.4929485;
 966.05743, -4.4204626;
 966.05743, -4.4204626;
 964.6156, -2.3541634;
 964.6156, -2.3541634;
 960.37732, -0.73740906;
 960.37732, -0.73740906;
 960.37732, -0.73740906;
 960.37732, -0.73740906;
 960.37732, -0.73740906;
 960.37732, -0.73740906;
 960.37732, -0.73740906;
 960.37732, -0.73740906;
 960.37732, -0.73740906;
 961.80859, -2.79514;
 964.68396, -6.9290566;
 966.12811, -9.0052977;
 966.12811, -9.0052977;
 966.12811, -9.0052977;
 966.12811, -9.0052977;
 964.68396, -6.9290566;
 964.68396, -6.9290566;
 963.24408, -4.8590131;
 963.24408, -4.8590131;
 964.68396, -6.9290566;
 964.68396, -6.9290566;
 963.24408, -4.8590131;
 963.24408, -4.8590131;
 963.24408, -4.8590131;
 964.68396, -6.9290566;
 964.68396, -6.9290566;
 963.24408, -4.8590131;
 963.24408, -4.8590131;
 961.80859, -2.79514;
 961.80859, -2.79514;
 960.43927, -5.2963438;
 961.87274, -7.3639498;
 963.31049, -9.4377384;
 963.31049, -9.4377384;
 963.31049, -9.4377384;
 963.31049, -9.4377384;
 963.31049, -9.4377384;
 961.87274, -7.3639498;
 961.87274, -7.3639498;
 961.87274, -7.3639498;
 961.87274, -7.3639498;
 961.87274, -7.3639498;
 961.87274, -7.3639498;
 961.87274, -7.3639498;
 961.87274, -7.3639498;
 961.87274, -7.3639498;
 961.87274, -7.3639498;
 960.43927, -5.2963438;
 960.43927, -5.2963438;
 961.93707, -11.946331;
 961.93707, -11.946331;
 961.93707, -11.946331;
 961.93707, -11.946331;
 960.50134, -9.8688002;
 960.50134, -9.8688002;
 960.56366, -14.454926;
 960.56366, -14.454926;
