 1407.354, -1.8629341;
 1409.9994, -4.4604211;
 1402.9977, -2.4179649;
 1405.6301, -5.01162;
 1405.6301, -5.01162;
 1405.6301, -5.01162;
 1408.2722, -7.615025;
 1408.2722, -7.615025;
 1398.6578, -2.97103;
 1401.2771, -5.5608635;
 1401.2771, -5.5608635;
 1401.2771, -5.5608635;
 1403.9063, -8.1604156;
 1406.5452, -10.769739;
 1409.194, -13.388891;
 1409.194, -13.388891;
 1409.194, -13.388891;
 1406.5452, -10.769739;
 1403.9063, -8.1604156;
 1403.9063, -8.1604156;
 1403.9063, -8.1604156;
 1406.5452, -10.769739;
 1409.194, -13.388891;
 1409.194, -13.388891;
 1409.194, -13.388891;
 1409.194, -13.388891;
 1409.194, -13.388891;
 1391.7378, -0.94553173;
 1391.7378, -0.94553173;
 1394.3344, -3.5219226;
 1394.3344, -3.5219226;
 1394.3344, -3.5219226;
 1396.9406, -6.1079445;
 1399.5565, -8.7036524;
 1402.1825, -11.309101;
 1402.1825, -11.309101;
 1402.1825, -11.309101;
 1402.1825, -11.309101;
 1396.9406, -6.1079445;
 1396.9406, -6.1079445;
 1396.9406, -6.1079445;
 1399.5565, -8.7036524;
 1404.8181, -13.924343;
 1404.8181, -13.924343;
 1404.8181, -13.924343;
 1407.4637, -16.549437;
 1407.4637, -16.549437;
 1407.4637, -16.549437;
 1404.8181, -13.924343;
 1404.8181, -13.924343;
 1404.8181, -13.924343;
 1404.8181, -13.924343;
 1404.8181, -13.924343;
 1402.1825, -11.309101;
 1399.5565, -8.7036524;
 1399.5565, -8.7036524;
 1404.8181, -13.924343;
 1407.4637, -16.549437;
 1407.4637, -16.549437;
 1387.4431, -1.4981412;
 1387.4431, -1.4981412;
 1384.8689, 1.0649351;
 1384.8689, 1.0649351;
 1384.8689, 1.0649351;
 1387.4431, -1.4981412;
 1387.4431, -1.4981412;
 1395.2231, -9.2448597;
 1395.2231, -9.2448597;
 1395.2231, -9.2448597;
 1390.0269, -4.0707636;
 1387.4431, -1.4981412;
 1384.8689, 1.0649351;
 1384.8689, 1.0649351;
 1387.4431, -1.4981412;
 1395.2231, -9.2448597;
 1395.2231, -9.2448597;
 1395.2231, -9.2448597;
 1397.8359, -11.846441;
 1400.4586, -14.457787;
 1400.4586, -14.457787;
 1397.8359, -11.846441;
 1395.2231, -9.2448597;
 1392.6201, -6.6529851;
 1392.6201, -6.6529851;
 1392.6201, -6.6529851;
 1390.0269, -4.0707636;
 1387.4431, -1.4981412;
 1387.4431, -1.4981412;
 1397.8359, -11.846441;
 1400.4586, -14.457787;
 1383.1642, -2.0488083;
 1383.1642, -2.0488083;
 1380.6029, 0.5105412;
 1380.6029, 0.5105412;
 1380.6029, 0.5105412;
 1380.6029, 0.5105412;
 1380.6029, 0.5105412;
 1380.6029, 0.5105412;
 1383.1642, -2.0488083;
 1383.1642, -2.0488083;
 1383.1642, -2.0488083;
 1380.6029, 0.5105412;
 1378.0509, 3.0604293;
 1375.5084, 5.6009083;
 1375.5084, 5.6009083;
 1375.5084, 5.6009083;
 1380.6029, 0.5105412;
 1380.6029, 0.5105412;
 1380.6029, 0.5105412;
 1383.1642, -2.0488083;
 1385.7354, -4.6176724;
 1385.7354, -4.6176724;
 1383.1642, -2.0488083;
 1380.6029, 0.5105412;
 1380.6029, 0.5105412;
 1380.6029, 0.5105412;
 1380.6029, 0.5105412;
 1380.6029, 0.5105412;
 1378.0509, 3.0604293;
 1378.9014, -2.5973282;
 1376.3525, -0.041695349;
 1376.3525, -0.041695349;
 1376.3525, -0.041695349;
 1376.3525, -0.041695349;
 1376.3525, -0.041695349;
 1373.8132, 2.5045071;
 1373.8132, 2.5045071;
 1376.3525, -0.041695349;
 1376.3525, -0.041695349;
 1376.3525, -0.041695349;
 1373.8132, 2.5045071;
 1373.8132, 2.5045071;
 1371.2831, 5.0413313;
 1368.7623, 7.5688286;
 1371.2831, 5.0413313;
 1373.8132, 2.5045071;
 1373.8132, 2.5045071;
 1373.8132, 2.5045071;
 1373.8132, 2.5045071;
 1376.3525, -0.041695349;
 1376.3525, -0.041695349;
 1373.8132, 2.5045071;
 1371.2831, 5.0413313;
 1371.2831, 5.0413313;
 1371.2831, 5.0413313;
 1371.2831, 5.0413313;
 1371.2831, 5.0413313;
 1374.6542, -3.14382;
 1372.1179, -0.59189415;
 1372.1179, -0.59189415;
 1372.1179, -0.59189415;
 1372.1179, -0.59189415;
 1372.1179, -0.59189415;
 1369.5911, 1.9506325;
 1369.5911, 1.9506325;
 1369.5911, 1.9506325;
 1369.5911, 1.9506325;
 1372.1179, -0.59189415;
 1372.1179, -0.59189415;
 1369.5911, 1.9506325;
 1367.0734, 4.4838114;
 1367.0734, 4.4838114;
 1367.0734, 4.4838114;
 1367.0734, 4.4838114;
 1367.0734, 4.4838114;
 1367.0734, 4.4838114;
 1367.0734, 4.4838114;
 1367.0734, 4.4838114;
 1369.5911, 1.9506325;
 1369.5911, 1.9506325;
 1367.0734, 4.4838114;
 1367.0734, 4.4838114;
 1367.0734, 4.4838114;
 1367.0734, 4.4838114;
 1367.0734, 4.4838114;
 1367.0734, 4.4838114;
 1367.8989, -1.1401739;
 1367.8989, -1.1401739;
 1367.8989, -1.1401739;
 1365.3843, 1.3986868;
 1365.3843, 1.3986868;
 1365.3843, 1.3986868;
 1365.3843, 1.3986868;
 1365.3843, 1.3986868;
 1365.3843, 1.3986868;
 1365.3843, 1.3986868;
 1365.3843, 1.3986868;
 1367.8989, -1.1401739;
 1367.8989, -1.1401739;
 1365.3843, 1.3986868;
 1365.3843, 1.3986868;
 1365.3843, 1.3986868;
 1362.879, 3.92823;
 1362.879, 3.92823;
 1362.879, 3.92823;
 1362.879, 3.92823;
 1362.879, 3.92823;
 1365.3843, 1.3986868;
 1365.3843, 1.3986868;
 1365.3843, 1.3986868;
 1365.3843, 1.3986868;
 1365.3843, 1.3986868;
 1365.3843, 1.3986868;
 1365.3843, 1.3986868;
 1365.3843, 1.3986868;
 1365.3843, 1.3986868;
 1363.6953, -1.6863306;
 1363.6953, -1.6863306;
 1363.6953, -1.6863306;
 1363.6953, -1.6863306;
 1363.6953, -1.6863306;
 1363.6953, -1.6863306;
 1363.6953, -1.6863306;
 1363.6953, -1.6863306;
 1361.1931, 0.84887367;
 1361.1931, 0.84887367;
 1363.6953, -1.6863306;
 1363.6953, -1.6863306;
 1363.6953, -1.6863306;
 1363.6953, -1.6863306;
 1363.6953, -1.6863306;
 1361.1931, 0.84887367;
 1361.1931, 0.84887367;
 1361.1931, 0.84887367;
 1361.1931, 0.84887367;
 1363.6953, -1.6863306;
 1363.6953, -1.6863306;
 1363.6953, -1.6863306;
 1363.6953, -1.6863306;
 1363.6953, -1.6863306;
 1363.6953, -1.6863306;
 1363.6953, -1.6863306;
 1363.6953, -1.6863306;
 1362.0062, -4.771348;
 1362.0062, -4.771348;
 1362.0062, -4.771348;
 1362.0062, -4.771348;
 1362.0062, -4.771348;
 1362.0062, -4.771348;
 1362.0062, -4.771348;
 1362.0062, -4.771348;
 1362.0062, -4.771348;
 1362.0062, -4.771348;
 1362.0062, -4.771348;
 1362.0062, -4.771348;
 1362.0062, -4.771348;
 1362.0062, -4.771348;
 1360.3173, -7.8564725;
 1360.3173, -7.8564725;
 1360.3173, -7.8564725;
 1360.3173, -7.8564725;
 1360.3173, -7.8564725;
 1360.3173, -7.8564725;
 1360.3173, -7.8564725;
