 1209.5887, 12.696215;
 1208.0287, 9.8467951;
 1208.5206, 4.6624379;
 1208.5206, 4.6624379;
 1208.5206, 4.6624379;
 1208.5206, 4.6624379;
 1208.5206, 4.6624379;
 1208.5206, 4.6624379;
 1208.5206, 4.6624379;
 1208.5206, 4.6624379;
 1208.5206, 4.6624379;
 1208.5206, 4.6624379;
 1208.5206, 4.6624379;
 1206.4688, 6.9974756;
 1204.9089, 4.1481557;
 1204.9089, 4.1481557;
 1204.9089, 4.1481557;
 1204.9089, 4.1481557;
 1204.9089, 4.1481557;
 1204.9089, 4.1481557;
 1204.9089, 4.1481557;
 1204.9089, 4.1481557;
 1206.9581, 1.808272;
 1206.9581, 1.808272;
 1209.0142, -0.5395844;
 1209.0142, -0.5395844;
 1209.0142, -0.5395844;
 1209.0142, -0.5395844;
 1206.9581, 1.808272;
 1206.9581, 1.808272;
 1206.9581, 1.808272;
 1206.9581, 1.808272;
 1209.0142, -0.5395844;
 1209.0142, -0.5395844;
 1209.0142, -0.5395844;
 1209.0142, -0.5395844;
 1209.0142, -0.5395844;
 1209.0142, -0.5395844;
 1206.9581, 1.808272;
 1206.9581, 1.808272;
 1206.9581, 1.808272;
 1206.9581, 1.808272;
 1206.9581, 1.808272;
 1204.9089, 4.1481557;
 1201.3094, 3.635519;
 1201.3094, 3.635519;
 1201.3094, 3.635519;
 1199.2767, 5.9643931;
 1199.2767, 5.9643931;
 1199.2767, 5.9643931;
 1199.2767, 5.9643931;
 1199.2767, 5.9643931;
 1199.2767, 5.9643931;
 1201.3094, 3.635519;
 1203.3489, 1.298737;
 1205.3954, -1.045993;
 1205.3954, -1.045993;
 1205.3954, -1.045993;
 1205.3954, -1.045993;
 1203.3489, 1.298737;
 1203.3489, 1.298737;
 1203.3489, 1.298737;
 1203.3489, 1.298737;
 1203.3489, 1.298737;
 1203.3489, 1.298737;
 1205.3954, -1.045993;
 1205.3954, -1.045993;
 1205.3954, -1.045993;
 1205.3954, -1.045993;
 1205.3954, -1.045993;
 1205.3954, -1.045993;
 1203.3489, 1.298737;
 1203.3489, 1.298737;
 1203.3489, 1.298737;
 1203.3489, 1.298737;
 1201.3094, 3.635519;
 1195.6989, 5.4505181;
 1195.6989, 5.4505181;
 1195.6989, 5.4505181;
 1195.6989, 5.4505181;
 1195.6989, 5.4505181;
 1195.6989, 5.4505181;
 1195.6989, 5.4505181;
 1195.6989, 5.4505181;
 1195.6989, 5.4505181;
 1195.6989, 5.4505181;
 1197.722, 3.1247153;
 1197.722, 3.1247153;
 1199.7521, 0.79102832;
 1201.7889, -1.5505829;
 1201.7889, -1.5505829;
 1199.7521, 0.79102832;
 1199.7521, 0.79102832;
 1199.7521, 0.79102832;
 1199.7521, 0.79102832;
 1199.7521, 0.79102832;
 1199.7521, 0.79102832;
 1199.7521, 0.79102832;
 1201.7889, -1.5505829;
 1201.7889, -1.5505829;
 1199.7521, 0.79102832;
 1199.7521, 0.79102832;
 1201.7889, -1.5505829;
 1201.7889, -1.5505829;
 1199.7521, 0.79102832;
 1201.7889, -1.5505829;
 1201.7889, -1.5505829;
 1201.7889, -1.5505829;
 1199.7521, 0.79102832;
 1194.1467, 2.6156373;
 1194.1467, 2.6156373;
 1192.1329, 4.9383764;
 1192.1329, 4.9383764;
 1192.1329, 4.9383764;
 1190.1261, 7.2532949;
 1190.1261, 7.2532949;
 1190.1261, 7.2532949;
 1190.1261, 7.2532949;
 1192.1329, 4.9383764;
 1194.1467, 2.6156373;
 1194.1467, 2.6156373;
 1196.1674, 0.2850377;
 1196.1674, 0.2850377;
 1196.1674, 0.2850377;
 1196.1674, 0.2850377;
 1196.1674, 0.2850377;
 1194.1467, 2.6156373;
 1194.1467, 2.6156373;
 1196.1674, 0.2850377;
 1198.1947, -2.0534623;
 1198.1947, -2.0534623;
 1198.1947, -2.0534623;
 1198.1947, -2.0534623;
 1198.1947, -2.0534623;
 1198.1947, -2.0534623;
 1198.1947, -2.0534623;
 1198.1947, -2.0534623;
 1198.1947, -2.0534623;
 1198.1947, -2.0534623;
 1198.1947, -2.0534623;
 1198.1947, -2.0534623;
 1198.1947, -2.0534623;
 1188.5792, 4.4278612;
 1188.5792, 4.4278612;
 1188.5792, 4.4278612;
 1188.5792, 4.4278612;
 1188.5792, 4.4278612;
 1186.5817, 6.7397475;
 1186.5817, 6.7397475;
 1184.5907, 9.0438757;
 1186.5817, 6.7397475;
 1186.5817, 6.7397475;
 1186.5817, 6.7397475;
 1188.5792, 4.4278612;
 1190.5835, 2.1081779;
 1192.5946, -0.21934214;
 1192.5946, -0.21934214;
 1192.5946, -0.21934214;
 1192.5946, -0.21934214;
 1192.5946, -0.21934214;
 1192.5946, -0.21934214;
 1192.5946, -0.21934214;
 1192.5946, -0.21934214;
 1192.5946, -0.21934214;
 1192.5946, -0.21934214;
 1192.5946, -0.21934214;
 1192.5946, -0.21934214;
 1192.5946, -0.21934214;
 1194.6127, -2.5547388;
 1194.6127, -2.5547388;
 1194.6127, -2.5547388;
 1194.6127, -2.5547388;
 1196.6375, -4.8980522;
 1196.6375, -4.8980522;
 1196.6375, -4.8980522;
 1194.6127, -2.5547388;
 1185.0374, 3.9191601;
 1185.0374, 3.9191601;
 1185.0374, 3.9191601;
 1185.0374, 3.9191601;
 1185.0374, 3.9191601;
 1183.0491, 6.2280207;
 1183.0491, 6.2280207;
 1183.0491, 6.2280207;
 1183.0491, 6.2280207;
 1183.0491, 6.2280207;
 1185.0374, 3.9191601;
 1185.0374, 3.9191601;
 1187.0323, 1.6025254;
 1189.0341, -0.7219224;
 1191.0426, -3.0542228;
 1191.0426, -3.0542228;
 1191.0426, -3.0542228;
 1191.0426, -3.0542228;
 1191.0426, -3.0542228;
 1191.0426, -3.0542228;
 1191.0426, -3.0542228;
 1191.0426, -3.0542228;
 1191.0426, -3.0542228;
 1191.0426, -3.0542228;
 1191.0426, -3.0542228;
 1191.0426, -3.0542228;
 1191.0426, -3.0542228;
 1193.058, -5.3944163;
 1193.058, -5.3944163;
 1193.058, -5.3944163;
 1193.058, -5.3944163;
 1195.0801, -7.7425423;
 1195.0801, -7.7425423;
 1193.058, -5.3944163;
 1181.5074, 3.4121656;
 1181.5074, 3.4121656;
 1179.5282, 5.7180071;
 1179.5282, 5.7180071;
 1179.5282, 5.7180071;
 1181.5074, 3.4121656;
 1181.5074, 3.4121656;
 1181.5074, 3.4121656;
 1179.5282, 5.7180071;
 1179.5282, 5.7180071;
 1179.5282, 5.7180071;
 1181.5074, 3.4121656;
 1183.4932, 1.0985725;
 1183.4932, 1.0985725;
 1185.4856, -1.2228105;
 1187.4846, -3.5520227;
 1189.4905, -5.8891039;
 1189.4905, -5.8891039;
 1187.4846, -3.5520227;
 1187.4846, -3.5520227;
 1187.4846, -3.5520227;
 1187.4846, -3.5520227;
 1189.4905, -5.8891039;
 1189.4905, -5.8891039;
 1189.4905, -5.8891039;
 1189.4905, -5.8891039;
 1189.4905, -5.8891039;
 1189.4905, -5.8891039;
 1189.4905, -5.8891039;
 1189.4905, -5.8891039;
 1189.4905, -5.8891039;
 1191.5033, -8.2340937;
 1191.5033, -8.2340937;
 1191.5033, -8.2340937;
 1189.4905, -5.8891039;
 1176.0193, 5.2096033;
 1177.9891, 2.9067717;
 1177.9891, 2.9067717;
 1176.0193, 5.2096033;
 1176.0193, 5.2096033;
 1177.9891, 2.9067717;
 1177.9891, 2.9067717;
 1177.9891, 2.9067717;
 1177.9891, 2.9067717;
 1176.0193, 5.2096033;
 1176.0193, 5.2096033;
 1176.0193, 5.2096033;
 1177.9891, 2.9067717;
 1177.9891, 2.9067717;
 1179.9658, 0.59621274;
 1181.9489, -1.7221131;
 1183.9387, -4.0482445;
 1183.9387, -4.0482445;
 1183.9387, -4.0482445;
 1183.9387, -4.0482445;
 1183.9387, -4.0482445;
 1183.9387, -4.0482445;
 1185.9352, -6.3822212;
 1185.9352, -6.3822212;
 1185.9352, -6.3822212;
 1183.9387, -4.0482445;
 1183.9387, -4.0482445;
 1185.9352, -6.3822212;
 1185.9352, -6.3822212;
 1187.9385, -8.7240829;
 1187.9385, -8.7240829;
 1187.9385, -8.7240829;
 1187.9385, -8.7240829;
 1187.9385, -8.7240829;
 1187.9385, -8.7240829;
 1187.9385, -8.7240829;
 1174.4828, 2.4031661;
 1174.4828, 2.4031661;
 1174.4828, 2.4031661;
 1174.4828, 2.4031661;
 1174.4828, 2.4031661;
 1174.4828, 2.4031661;
 1174.4828, 2.4031661;
 1174.4828, 2.4031661;
 1172.5221, 4.7029939;
 1172.5221, 4.7029939;
 1172.5221, 4.7029939;
 1172.5221, 4.7029939;
 1174.4828, 2.4031661;
 1174.4828, 2.4031661;
 1176.4501, 0.095633753;
 1178.4241, -2.2196422;
 1180.4047, -4.5427003;
 1180.4047, -4.5427003;
 1180.4047, -4.5427003;
 1180.4047, -4.5427003;
 1178.4241, -2.2196422;
 1178.4241, -2.2196422;
 1182.3918, -6.8735809;
 1182.3918, -6.8735809;
 1182.3918, -6.8735809;
 1182.3918, -6.8735809;
 1182.3918, -6.8735809;
 1182.3918, -6.8735809;
 1182.3918, -6.8735809;
 1184.3857, -9.2123213;
 1184.3857, -9.2123213;
 1184.3857, -9.2123213;
 1186.3864, -11.558964;
 1186.3864, -11.558964;
 1186.3864, -11.558964;
 1186.3864, -11.558964;
 1170.9882, 1.9012419;
 1172.9463, -0.40327102;
 1172.9463, -0.40327102;
 1172.9463, -0.40327102;
 1170.9882, 1.9012419;
 1170.9882, 1.9012419;
 1170.9882, 1.9012419;
 1170.9882, 1.9012419;
 1169.0366, 4.1980734;
 1169.0366, 4.1980734;
 1167.0914, 6.4872613;
 1167.0914, 6.4872613;
 1170.9882, 1.9012419;
 1170.9882, 1.9012419;
 1172.9463, -0.40327102;
 1172.9463, -0.40327102;
 1174.911, -2.7155042;
 1176.8824, -5.0354972;
 1176.8824, -5.0354972;
 1176.8824, -5.0354972;
 1174.911, -2.7155042;
 1176.8824, -5.0354972;
 1176.8824, -5.0354972;
 1178.8605, -7.3632879;
 1178.8605, -7.3632879;
 1178.8605, -7.3632879;
 1178.8605, -7.3632879;
 1178.8605, -7.3632879;
 1180.845, -9.6989164;
 1180.845, -9.6989164;
 1182.8362, -12.042421;
 1182.8362, -12.042421;
 1182.8362, -12.042421;
 1184.8342, -14.393845;
 1184.8342, -14.393845;
 1184.8342, -14.393845;
 1169.4542, -0.90060747;
 1169.4542, -0.90060747;
 1171.4098, -3.2098057;
 1169.4542, -0.90060747;
 1167.5052, 1.4008936;
 1167.5052, 1.4008936;
 1167.5052, 1.4008936;
 1167.5052, 1.4008936;
 1163.6263, 5.980957;
 1163.6263, 5.980957;
 1161.6967, 8.2595959;
 1161.6967, 8.2595959;
 1163.6263, 5.980957;
 1165.5626, 3.6947355;
 1167.5052, 1.4008936;
 1169.4542, -0.90060747;
 1171.4098, -3.2098057;
 1173.3719, -5.5267401;
 1173.3719, -5.5267401;
 1173.3719, -5.5267401;
 1171.4098, -3.2098057;
 1171.4098, -3.2098057;
 1173.3719, -5.5267401;
 1175.3408, -7.85145;
 1175.3408, -7.85145;
 1175.3408, -7.85145;
 1177.3162, -10.183973;
 1177.3162, -10.183973;
 1177.3162, -10.183973;
 1179.2981, -12.524351;
 1179.2981, -12.524351;
 1181.2867, -14.872621;
 1181.2867, -14.872621;
 1181.2867, -14.872621;
 1183.2822, -17.228825;
 1165.9739, -1.396189;
 1165.9739, -1.396189;
 1167.9203, -3.7023592;
 1167.9203, -3.7023592;
 1165.9739, -1.396189;
 1162.1001, 3.1931672;
 1162.1001, 3.1931672;
 1162.1001, 3.1931672;
 1162.1001, 3.1931672;
 1160.1729, 5.476429;
 1160.1729, 5.476429;
 1160.1729, 5.476429;
 1160.1729, 5.476429;
 1160.1729, 5.476429;
 1160.1729, 5.476429;
 1162.1001, 3.1931672;
 1165.9739, -1.396189;
 1167.9203, -3.7023592;
 1167.9203, -3.7023592;
 1167.9203, -3.7023592;
 1167.9203, -3.7023592;
 1165.9739, -1.396189;
 1165.9739, -1.396189;
 1169.8733, -6.016243;
 1171.8329, -8.3378782;
 1171.8329, -8.3378782;
 1171.8329, -8.3378782;
 1171.8329, -8.3378782;
 1173.7992, -10.667305;
 1173.7992, -10.667305;
 1175.772, -13.004561;
 1175.772, -13.004561;
 1175.772, -13.004561;
 1175.772, -13.004561;
 1179.7373, -17.702721;
 1179.7373, -17.702721;
 1160.5737, 0.40537751;
 1160.5737, 0.40537751;
 1164.4425, -4.1932716;
 1164.4425, -4.1932716;
 1160.5737, 0.40537751;
 1160.5737, 0.40537751;
 1160.5737, 0.40537751;
 1160.5737, 0.40537751;
 1160.5737, 0.40537751;
 1162.5049, -1.8901211;
 1162.5049, -1.8901211;
 1162.5049, -1.8901211;
 1162.5049, -1.8901211;
 1160.5737, 0.40537751;
 1162.5049, -1.8901211;
 1166.3864, -6.5041113;
 1166.3864, -6.5041113;
 1166.3864, -6.5041113;
 1166.3864, -6.5041113;
 1166.3864, -6.5041113;
 1166.3864, -6.5041113;
 1168.3368, -8.8226795;
 1170.2938, -11.149015;
 1170.2938, -11.149015;
 1170.2938, -11.149015;
 1172.2574, -13.483161;
 1160.9761, -4.6826468;
 1160.9761, -4.6826468;
