 1059.9677, -6.7283602;
 1058.2985, -4.5445356;
 1056.6344, -2.3675785;
 1056.6344, -2.3675785;
 1058.2985, -4.5445356;
 1058.2985, -4.5445356;
 1059.9677, -6.7283602;
 1059.9677, -6.7283602;
 1059.9677, -6.7283602;
 1055.1897, -5.0063357;
 1056.8516, -7.1874485;
 1058.5184, -9.3754416;
 1058.5184, -9.3754416;
 1058.5184, -9.3754416;
 1058.5184, -9.3754416;
 1058.5184, -9.3754416;
 1058.5184, -9.3754416;
 1058.5184, -9.3754416;
 1058.5184, -9.3754416;
 1058.5184, -9.3754416;
 1058.5184, -9.3754416;
 1056.8516, -7.1874485;
 1056.8516, -7.1874485;
 1055.1897, -5.0063357;
 1051.882, -0.6646229;
 1050.2358, 1.4960417;
 1050.2358, 1.4960417;
 1050.2358, 1.4960417;
 1050.2358, 1.4960417;
 1053.5332, -2.8320715;
 1055.1897, -5.0063357;
 1055.1897, -5.0063357;
 1055.1897, -5.0063357;
 1055.1897, -5.0063357;
 1056.8516, -7.1874485;
 1056.8516, -7.1874485;
 1055.1897, -5.0063357;
 1055.1897, -5.0063357;
 1056.8516, -7.1874485;
 1056.8516, -7.1874485;
 1058.5184, -9.3754416;
 1058.5184, -9.3754416;
 1050.4418, -3.2951078;
 1052.0908, -5.4666862;
 1052.0908, -5.4666862;
 1053.745, -7.6450925;
 1053.745, -7.6450925;
 1053.745, -7.6450925;
 1053.745, -7.6450925;
 1053.745, -7.6450925;
 1053.745, -7.6450925;
 1053.745, -7.6450925;
 1053.745, -7.6450925;
 1053.745, -7.6450925;
 1053.745, -7.6450925;
 1053.745, -7.6450925;
 1053.745, -7.6450925;
 1053.745, -7.6450925;
 1052.0908, -5.4666862;
 1050.4418, -3.2951078;
 1048.7979, -1.1303269;
 1047.1592, 1.0276893;
 1045.5255, 3.1789718;
 1045.5255, 3.1789718;
 1047.1592, 1.0276893;
 1047.1592, 1.0276893;
 1047.1592, 1.0276893;
 1048.7979, -1.1303269;
 1050.4418, -3.2951078;
 1050.4418, -3.2951078;
 1050.4418, -3.2951078;
 1052.0908, -5.4666862;
 1052.0908, -5.4666862;
 1052.0908, -5.4666862;
 1052.0908, -5.4666862;
 1052.0908, -5.4666862;
 1052.0908, -5.4666862;
 1053.745, -7.6450925;
 1045.7235, -1.5946667;
 1045.7235, -1.5946667;
 1047.36, -3.7567866;
 1049.0016, -5.9256845;
 1049.0016, -5.9256845;
 1050.6484, -8.1013927;
 1050.6484, -8.1013927;
 1050.6484, -8.1013927;
 1049.0016, -5.9256845;
 1049.0016, -5.9256845;
 1049.0016, -5.9256845;
 1049.0016, -5.9256845;
 1049.0016, -5.9256845;
 1049.0016, -5.9256845;
 1049.0016, -5.9256845;
 1049.0016, -5.9256845;
 1049.0016, -5.9256845;
 1047.36, -3.7567866;
 1047.36, -3.7567866;
 1045.7235, -1.5946667;
 1044.092, 0.56070721;
 1042.4657, 2.7093666;
 1042.4657, 2.7093666;
 1042.4657, 2.7093666;
 1042.4657, 2.7093666;
 1044.092, 0.56070721;
 1045.7235, -1.5946667;
 1045.7235, -1.5946667;
 1045.7235, -1.5946667;
 1045.7235, -1.5946667;
 1047.36, -3.7567866;
 1049.0016, -5.9256845;
 1049.0016, -5.9256845;
 1049.0016, -5.9256845;
 1049.0016, -5.9256845;
 1049.0016, -5.9256845;
 1037.8016, 4.3806896;
 1039.4155, 2.2413125;
 1039.4155, 2.2413125;
 1041.0345, 0.095270872;
 1042.6586, -2.0574665;
 1044.2878, -4.2169318;
 1044.2878, -4.2169318;
 1044.2878, -4.2169318;
 1044.2878, -4.2169318;
 1044.2878, -4.2169318;
 1044.2878, -4.2169318;
 1044.2878, -4.2169318;
 1044.2878, -4.2169318;
 1044.2878, -4.2169318;
 1044.2878, -4.2169318;
 1044.2878, -4.2169318;
 1045.9221, -6.3831553;
 1045.9221, -6.3831553;
 1044.2878, -4.2169318;
 1044.2878, -4.2169318;
 1044.2878, -4.2169318;
 1042.6586, -2.0574665;
 1041.0345, 0.095270872;
 1039.4155, 2.2413125;
 1039.4155, 2.2413125;
 1039.4155, 2.2413125;
 1041.0345, 0.095270872;
 1041.0345, 0.095270872;
 1042.6586, -2.0574665;
 1042.6586, -2.0574665;
 1044.2878, -4.2169318;
 1044.2878, -4.2169318;
 1044.2878, -4.2169318;
 1045.9221, -6.3831553;
 1045.9221, -6.3831553;
 1045.9221, -6.3831553;
 1045.9221, -6.3831553;
 1045.9221, -6.3831553;
 1033.1661, 6.0416636;
 1033.1661, 6.0416636;
 1034.7679, 3.911495;
 1036.3749, 1.7747121;
 1037.9866, -0.36871776;
 1037.9866, -0.36871776;
 1039.6033, -2.5188248;
 1039.6033, -2.5188248;
 1041.2252, -4.6756406;
 1041.2252, -4.6756406;
 1041.2252, -4.6756406;
 1042.8522, -6.8391967;
 1042.8522, -6.8391967;
 1042.8522, -6.8391967;
 1042.8522, -6.8391967;
 1042.8522, -6.8391967;
 1042.8522, -6.8391967;
 1042.8522, -6.8391967;
 1042.8522, -6.8391967;
 1042.8522, -6.8391967;
 1041.2252, -4.6756406;
 1039.6033, -2.5188248;
 1037.9866, -0.36871776;
 1037.9866, -0.36871776;
 1037.9866, -0.36871776;
 1037.9866, -0.36871776;
 1037.9866, -0.36871776;
 1039.6033, -2.5188248;
 1039.6033, -2.5188248;
 1041.2252, -4.6756406;
 1041.2252, -4.6756406;
 1042.8522, -6.8391967;
 1042.8522, -6.8391967;
 1042.8522, -6.8391967;
 1042.8522, -6.8391967;
 1044.4841, -9.0095234;
 1044.4841, -9.0095234;
 1044.4841, -9.0095234;
 1026.9747, 9.8067904;
 1026.9747, 9.8067904;
 1026.9747, 9.8067904;
 1026.9747, 9.8067904;
 1026.9747, 9.8067904;
 1030.1492, 5.5712624;
 1031.7438, 3.4436636;
 1031.7438, 3.4436636;
 1033.3434, 1.3094677;
 1034.9481, -0.83135617;
 1036.5576, -2.9788387;
 1036.5576, -2.9788387;
 1036.5576, -2.9788387;
 1036.5576, -2.9788387;
 1036.5576, -2.9788387;
 1036.5576, -2.9788387;
 1036.5576, -2.9788387;
 1036.5576, -2.9788387;
 1038.1721, -5.1330113;
 1038.1721, -5.1330113;
 1038.1721, -5.1330113;
 1038.1721, -5.1330113;
 1038.1721, -5.1330113;
 1038.1721, -5.1330113;
 1036.5576, -2.9788387;
 1034.9481, -0.83135617;
 1034.9481, -0.83135617;
 1034.9481, -0.83135617;
 1034.9481, -0.83135617;
 1036.5576, -2.9788387;
 1038.1721, -5.1330113;
 1038.1721, -5.1330113;
 1039.7917, -7.2939053;
 1039.7917, -7.2939053;
 1041.4165, -9.4615526;
 1041.4165, -9.4615526;
 1041.4165, -9.4615526;
 1041.4165, -9.4615526;
 1041.4165, -9.4615526;
 1043.0463, -11.635983;
 1022.4081, 11.438336;
 1022.4081, 11.438336;
 1022.4081, 11.438336;
 1022.4081, 11.438336;
 1022.4081, 11.438336;
 1022.4081, 11.438336;
 1023.981, 9.3328562;
 1027.1416, 5.1024032;
 1028.7291, 2.9773684;
 1030.3215, 0.84575421;
 1031.9189, -1.2924694;
 1033.5214, -3.4373338;
 1033.5214, -3.4373338;
 1033.5214, -3.4373338;
 1033.5214, -3.4373338;
 1033.5214, -3.4373338;
 1033.5214, -3.4373338;
 1033.5214, -3.4373338;
 1033.5214, -3.4373338;
 1035.1287, -5.5888686;
 1035.1287, -5.5888686;
 1036.741, -7.747107;
 1036.741, -7.747107;
 1036.741, -7.747107;
 1036.741, -7.747107;
 1033.5214, -3.4373338;
 1033.5214, -3.4373338;
 1033.5214, -3.4373338;
 1033.5214, -3.4373338;
 1033.5214, -3.4373338;
 1033.5214, -3.4373338;
 1035.1287, -5.5888686;
 1035.1287, -5.5888686;
 1036.741, -7.747107;
 1036.741, -7.747107;
 1038.3583, -9.9120789;
 1039.9808, -12.083817;
 1039.9808, -12.083817;
 1039.9808, -12.083817;
 1039.9808, -12.083817;
 1019.4308, 10.963356;
 1019.4308, 10.963356;
 1019.4308, 10.963356;
 1019.4308, 10.963356;
 1019.4308, 10.963356;
 1019.4308, 10.963356;
 1020.9967, 8.8603802;
 1022.5674, 6.7509341;
 1024.1432, 4.6349893;
 1025.7236, 2.5125122;
 1027.309, 0.3834742;
 1030.4944, -3.8944066;
 1030.4944, -3.8944066;
 1030.4944, -3.8944066;
 1030.4944, -3.8944066;
 1030.4944, -3.8944066;
 1030.4944, -3.8944066;
 1028.8992, -1.7521551;
 1028.8992, -1.7521551;
 1030.4944, -3.8944066;
 1032.0946, -6.0433111;
 1033.6996, -8.1988993;
 1033.6996, -8.1988993;
 1033.6996, -8.1988993;
 1033.6996, -8.1988993;
 1032.0946, -6.0433111;
 1030.4944, -3.8944066;
 1030.4944, -3.8944066;
 1030.4944, -3.8944066;
 1030.4944, -3.8944066;
 1030.4944, -3.8944066;
 1030.4944, -3.8944066;
 1030.4944, -3.8944066;
 1032.0946, -6.0433111;
 1032.0946, -6.0433111;
 1035.3097, -10.361203;
 1035.3097, -10.361203;
 1036.9249, -12.530252;
 1036.9249, -12.530252;
 1036.9249, -12.530252;
 1016.4626, 10.489739;
 1016.4626, 10.489739;
 1016.4626, 10.489739;
 1016.4626, 10.489739;
 1016.4626, 10.489739;
 1016.4626, 10.489739;
 1016.4626, 10.489739;
 1018.0215, 8.3892641;
 1019.5853, 6.2823348;
 1019.5853, 6.2823348;
 1019.5853, 6.2823348;
 1021.1539, 4.1689229;
 1022.7274, 2.0489986;
 1024.3057, -0.077469155;
 1024.3057, -0.077469155;
 1024.3057, -0.077469155;
 1024.3057, -0.077469155;
 1024.3057, -0.077469155;
 1022.7274, 2.0489986;
 1022.7274, 2.0489986;
 1025.8888, -2.21051;
 1029.0698, -6.4964342;
 1030.6678, -8.6493797;
 1030.6678, -8.6493797;
 1030.6678, -8.6493797;
 1030.6678, -8.6493797;
 1029.0698, -6.4964342;
 1027.4768, -4.3501549;
 1027.4768, -4.3501549;
 1027.4768, -4.3501549;
 1025.8888, -2.21051;
 1025.8888, -2.21051;
 1025.8888, -2.21051;
 1027.4768, -4.3501549;
 1027.4768, -4.3501549;
 1029.0698, -6.4964342;
 1030.6678, -8.6493797;
 1032.2706, -10.80902;
 1033.8785, -12.975389;
 1033.8785, -12.975389;
 1033.8785, -12.975389;
 1013.5034, 10.017662;
 1013.5034, 10.017662;
 1013.5034, 10.017662;
 1013.5034, 10.017662;
 1011.9561, 12.109238;
 1011.9561, 12.109238;
 1011.9561, 12.109238;
 1013.5034, 10.017662;
 1015.0555, 7.9196792;
 1015.0555, 7.9196792;
 1015.0555, 7.9196792;
 1016.6123, 5.8152618;
 1018.1739, 3.7043788;
 1019.7403, 1.5870007;
 1019.7403, 1.5870007;
 1019.7403, 1.5870007;
 1019.7403, 1.5870007;
 1019.7403, 1.5870007;
 1019.7403, 1.5870007;
 1019.7403, 1.5870007;
 1021.3116, -0.53690207;
 1024.4686, -4.8044038;
 1026.0544, -6.9480639;
 1027.6453, -9.0983715;
 1027.6453, -9.0983715;
 1027.6453, -9.0983715;
 1026.0544, -6.9480639;
 1024.4686, -4.8044038;
 1024.4686, -4.8044038;
 1024.4686, -4.8044038;
 1022.8877, -2.6673603;
 1021.3116, -0.53690207;
 1021.3116, -0.53690207;
 1021.3116, -0.53690207;
 1022.8877, -2.6673603;
 1024.4686, -4.8044038;
 1027.6453, -9.0983715;
 1029.2411, -11.255357;
 1029.2411, -11.255357;
 1029.2411, -11.255357;
 1010.5532, 9.5470247;
 1010.5532, 9.5470247;
 1010.5532, 9.5470247;
 1010.5532, 9.5470247;
 1010.5532, 9.5470247;
 1012.0985, 7.4515314;
 1012.0985, 7.4515314;
 1013.6484, 5.3496189;
 1015.2031, 3.2412596;
 1015.2031, 3.2412596;
 1015.2031, 3.2412596;
 1015.2031, 3.2412596;
 1015.2031, 3.2412596;
 1015.2031, 3.2412596;
 1015.2031, 3.2412596;
 1015.2031, 3.2412596;
 1015.2031, 3.2412596;
 1018.3267, -0.99492127;
 1021.4698, -5.2572517;
 1023.0485, -7.3982983;
 1024.6322, -9.5459728;
 1024.6322, -9.5459728;
 1021.4698, -5.2572517;
 1019.8959, -3.122803;
 1018.3267, -0.99492127;
 1018.3267, -0.99492127;
 1018.3267, -0.99492127;
 1016.7625, 1.1264225;
 1016.7625, 1.1264225;
 1016.7625, 1.1264225;
 1016.7625, 1.1264225;
 1018.3267, -0.99492127;
 1023.0485, -7.3982983;
 1024.6322, -9.5459728;
 1026.2207, -11.700308;
 1010.6936, 4.8853111;
 1012.2413, 2.7794693;
 1012.2413, 2.7794693;
 1013.7938, 0.66716766;
 1013.7938, 0.66716766;
 1013.7938, 0.66716766;
 1013.7938, 0.66716766;
 1012.2413, 2.7794693;
 1012.2413, 2.7794693;
 1013.7938, 0.66716766;
 1013.7938, 0.66716766;
 1016.9131, -3.5769331;
 1018.4801, -5.7087936;
 1018.4801, -5.7087936;
 1018.4801, -5.7087936;
 1015.351, -1.4516231;
 1015.351, -1.4516231;
 1015.351, -1.4516231;
 1013.7938, 0.66716766;
 1013.7938, 0.66716766;
 1012.2413, 2.7794693;
 1012.2413, 2.7794693;
 1010.6936, 4.8853111;
 1010.6936, 4.8853111;
 1013.7938, 0.66716766;
 1015.351, -1.4516231;
 1018.4801, -5.7087936;
 1021.6284, -9.9922829;
 1010.8342, 0.20940873;
 1010.8342, 0.20940873;
 1010.8342, 0.20940873;
 1010.8342, 0.20940873;
 1010.8342, 0.20940873;
 1010.8342, 0.20940873;
 1012.3846, -1.9068346;
 1012.3846, -1.9068346;
 1013.9396, -4.0295787;
 1013.9396, -4.0295787;
 1013.9396, -4.0295787;
 1013.9396, -4.0295787;
 1010.8342, 0.20940873;
 1010.8342, 0.20940873;
 1010.9754, -4.4808369;
 1010.9754, -4.4808369;
 1012.5283, -6.6075349;
 1010.9754, -4.4808369;
