 2059.3831, 77.46685;
 2059.3831, 77.46685;
 2059.3831, 77.46685;
 2059.3831, 77.46685;
 2059.3831, 77.46685;
 2059.3831, 77.46685;
 2059.3831, 77.46685;
 2059.3831, 77.46685;
 2059.3831, 77.46685;
 2059.3831, 77.46685;
 2059.3831, 77.46685;
 2059.3831, 77.46685;
 2059.3831, 77.46685;
 2059.3831, 77.46685;
 2059.3831, 77.46685;
 2059.3831, 77.46685;
 2059.3831, 77.46685;
 2059.3831, 77.46685;
 2059.3831, 77.46685;
 2057.1743, 73.432594;
 2057.1743, 73.432594;
 2057.1743, 73.432594;
 2057.1743, 73.432594;
 2057.1743, 73.432594;
 2057.1743, 73.432594;
 2057.1743, 73.432594;
 2057.1743, 73.432594;
 2052.2412, 76.565849;
 2052.2412, 76.565849;
 2052.2412, 76.565849;
 2057.1743, 73.432594;
 2057.1743, 73.432594;
 2057.1743, 73.432594;
 2057.1743, 73.432594;
 2052.2412, 76.565849;
 2052.2412, 76.565849;
 2052.2412, 76.565849;
 2052.2412, 76.565849;
 2052.2412, 76.565849;
 2052.2412, 76.565849;
 2057.1743, 73.432594;
 2054.9658, 69.398201;
 2054.9658, 69.398201;
 2054.9658, 69.398201;
 2054.9658, 69.398201;
 2054.9658, 69.398201;
 2054.9658, 69.398201;
 2050.0376, 72.54113;
 2050.0376, 72.54113;
 2050.0376, 72.54113;
 2050.0376, 72.54113;
 2050.0376, 72.54113;
 2050.0376, 72.54113;
 2054.9658, 69.398201;
 2054.9658, 69.398201;
 2050.0376, 72.54113;
 2050.0376, 72.54113;
 2050.0376, 72.54113;
 2045.1333, 75.669022;
 2045.1333, 75.669022;
 2045.1333, 75.669022;
 2045.1333, 75.669022;
 2050.0376, 72.54113;
 2054.9658, 69.398201;
 2047.8342, 68.516548;
 2047.8342, 68.516548;
 2047.8342, 68.516548;
 2047.8342, 68.516548;
 2047.8342, 68.516548;
 2047.8342, 68.516548;
 2047.8342, 68.516548;
 2042.9352, 71.654076;
 2042.9352, 71.654076;
 2042.9352, 71.654076;
 2047.8342, 68.516548;
 2047.8342, 68.516548;
 2047.8342, 68.516548;
 2047.8342, 68.516548;
 2047.8342, 68.516548;
 2047.8342, 68.516548;
 2042.9352, 71.654076;
 2042.9352, 71.654076;
 2042.9352, 71.654076;
 2042.9352, 71.654076;
 2042.9352, 71.654076;
 2042.9352, 71.654076;
 2040.7369, 67.639122;
 2040.7369, 67.639122;
 2040.7369, 67.639122;
 2035.8666, 70.771248;
 2035.8666, 70.771248;
 2040.7369, 67.639122;
 2040.7369, 67.639122;
 2040.7369, 67.639122;
 2040.7369, 67.639122;
 2040.7369, 67.639122;
 2040.7369, 67.639122;
 2040.7369, 67.639122;
 2040.7369, 67.639122;
 2045.6309, 64.491974;
 2045.6309, 64.491974;
 2045.6309, 64.491974;
 2040.7369, 67.639122;
 2035.8666, 70.771248;
 2035.8666, 70.771248;
 2035.8666, 70.771248;
 2031.0193, 73.888458;
 2031.0193, 73.888458;
 2033.6736, 66.765739;
 2033.6736, 66.765739;
 2033.6736, 66.765739;
 2028.8315, 69.892487;
 2028.8315, 69.892487;
 2033.6736, 66.765739;
 2033.6736, 66.765739;
 2033.6736, 66.765739;
 2033.6736, 66.765739;
 2028.8315, 69.892487;
 2028.8315, 69.892487;
 2028.8315, 69.892487;
 2033.6736, 66.765739;
 2033.6736, 66.765739;
 2033.6736, 66.765739;
 2033.6736, 66.765739;
 2033.6736, 66.765739;
 2028.8315, 69.892487;
 2028.8315, 69.892487;
 2024.0125, 73.004379;
 2019.2161, 76.101524;
 2026.6439, 65.89666;
 2026.6439, 65.89666;
 2021.83, 69.018044;
 2021.83, 69.018044;
 2021.83, 69.018044;
 2026.6439, 65.89666;
 2026.6439, 65.89666;
 2026.6439, 65.89666;
 2021.83, 69.018044;
 2021.83, 69.018044;
 2021.83, 69.018044;
 2026.6439, 65.89666;
 2026.6439, 65.89666;
 2031.4807, 62.760372;
 2031.4807, 62.760372;
 2026.6439, 65.89666;
 2026.6439, 65.89666;
 2021.83, 69.018044;
 2021.83, 69.018044;
 2017.0387, 72.124626;
 2012.2704, 75.216537;
 2019.6475, 65.0317;
 2014.8615, 68.147736;
 2014.8615, 68.147736;
 2014.8615, 68.147736;
 2014.8615, 68.147736;
 2014.8615, 68.147736;
 2019.6475, 65.0317;
 2019.6475, 65.0317;
 2014.8615, 68.147736;
 2014.8615, 68.147736;
 2014.8615, 68.147736;
 2014.8615, 68.147736;
 2019.6475, 65.0317;
 2024.4562, 61.900826;
 2024.4562, 61.900826;
 2024.4562, 61.900826;
 2024.4562, 61.900826;
 2019.6475, 65.0317;
 2019.6475, 65.0317;
 2014.8615, 68.147736;
 2014.8615, 68.147736;
 2012.6842, 64.1707;
 2012.6842, 64.1707;
 2012.6842, 64.1707;
 2012.6842, 64.1707;
 2012.6842, 64.1707;
 2012.6842, 64.1707;
 2017.4651, 61.045219;
 2017.4651, 61.045219;
 2022.2687, 57.904854;
 2017.4651, 61.045219;
 2017.4651, 61.045219;
 2012.6842, 64.1707;
 2012.6842, 64.1707;
 2010.507, 60.193806;
 2015.2827, 57.05888;
 2015.2827, 57.05888;
 2015.2827, 57.05888;
 2010.507, 60.193806;
 2010.507, 60.193806;
