 2658.302, 250.67413;
 2658.302, 250.67413;
 2653.6467, 120.7402;
 2658.6902, 112.20094;
 2658.6902, 112.20094;
 2643.322, 119.52926;
 2643.322, 119.52926;
 2643.322, 119.52926;
 2643.322, 119.52926;
 2643.322, 119.52926;
 2635.7041, 123.16172;
 2656.019, 107.32222;
 2648.3203, 111.01113;
 2648.3203, 111.01113;
 2640.6665, 114.67874;
 2633.0562, 118.32519;
 2633.0562, 118.32519;
 2633.0562, 118.32519;
 2633.0562, 118.32519;
 2633.0562, 118.32519;
 2633.0562, 118.32519;
 2653.3481, 102.4435;
 2645.657, 106.14655;
 2645.657, 106.14655;
 2638.011, 109.82822;
 2638.011, 109.82822;
 2638.011, 109.82822;
 2630.4082, 113.48865;
 2630.4082, 113.48865;
 2630.4082, 113.48865;
 2630.4082, 113.48865;
 2630.4082, 113.48865;
 2630.4082, 113.48865;
 2630.4082, 113.48865;
 2658.4048, 93.825989;
 2658.4048, 93.825989;
 2650.6772, 97.564873;
 2642.9937, 101.28207;
 2635.3552, 104.97779;
 2635.3552, 104.97779;
 2635.3552, 104.97779;
 2635.3552, 104.97779;
 2635.3552, 104.97779;
 2627.7603, 108.65219;
 2627.7603, 108.65219;
 2627.7603, 108.65219;
 2620.2095, 112.3055;
 2620.2095, 112.3055;
 2627.7603, 108.65219;
 2627.7603, 108.65219;
 2627.7603, 108.65219;
 2648.0061, 92.686157;
 2640.3306, 96.417488;
 2625.1123, 103.81566;
 2625.1123, 103.81566;
 2625.1123, 103.81566;
 2617.5691, 107.48286;
 2617.5691, 107.48286;
 2617.5691, 107.48286;
 2617.5691, 107.48286;
 2617.5691, 107.48286;
 2617.5691, 107.48286;
 2617.5691, 107.48286;
 2617.5691, 107.48286;
 2617.5691, 107.48286;
 2617.5691, 107.48286;
 2617.5691, 107.48286;
 2617.5691, 107.48286;
 2614.9287, 102.6603;
 2622.4644, 98.979202;
 2622.4644, 98.979202;
 2622.4644, 98.979202;
 2614.9287, 102.6603;
 2614.9287, 102.6603;
 2614.9287, 102.6603;
 2614.9287, 102.6603;
