visionpitchsum
0
-0.0444157
-0.0397458
-0.0380879
-0.0315516
-0.017477
-0.0070901
-0.0143627
-0.000594115
-0.000307902
0.00810196
0.00825727
-0.00476576
-0.005508
0.00786626
0.0128563
0.0189157
0.0200409
0.0201949
0.0182415
-0.0173579
-0.0272067
0.223768
0.22622
0.230286
0.232702
0.179772
0.194601
0.194651
0.276777
0.279748
0.276868
0.263973
0.259836
0.282525
0.286635
0.248067
0.223877
0.236053
0.231324
0.229429
0.226803
0.216322
0.165944
0.157667
0.149762
0.150725
0.155973
0.167574
0.164754
0.182581
-0.068955
0.119278
0.111734
0.105607
0.0866584
0.0968161
0.112087
0.0468542
0.0393586
0.0476914
0.0257696
0.0167265
0.00235868
0.00478793
0.00467125
0.00176646
-0.0300362
-0.0322425
-0.00805418
0.00131088
-0.0244036
-0.00920116
-0.00741513
0.0013744
-0.000471783
0.00787232
0.0123727
-0.0244306
-0.028882
-0.029241
-0.0333025
-0.0290938
-0.0387583
-0.0695143
-0.0732915
-0.0741705
-0.0796852
-0.0823709
-0.0917633
-0.09011
-0.0963595
-0.0944033
-0.100249
-0.0939687
-0.0632518
-0.0969868
-0.0942646
-0.0924614
-0.102162
-0.106076
-0.109857
-0.104243
-0.10942
-0.11068
-0.165366
-0.154961
-0.151593
-0.111263
-0.107181
-0.0633498
-0.0616074
-0.0523435
-0.0561519
-0.0551375
-0.0421826
-0.0416515
-0.137718
-0.105915
-0.0792394
-0.0896061
-0.0826459
-0.0900118
-0.0864976
-0.0971727
-0.0712034
-0.0565162
-0.0554693
-0.0859296
-0.104464
-0.147834
-0.181871
-0.200455
-0.189017
-0.184499
-0.204622
-0.203317
-0.202908
-0.211189
-0.217115
-0.235291
-0.234328
-0.231145
-0.315412
-0.329725
-0.387942
-0.387027
-0.441893
-0.447442
-0.441024
-0.446825
-0.415494
-0.411939
-0.444672
-0.443636
-0.435731
-0.439144
-0.44
-0.410678
-0.40351
-0.178738
-0.159892
-0.150142
-0.142127
-0.0490876
0.0332154
0.0384236
0.0432658
-0.0646806
-0.0422604
0.00820459
0.0176287
0.0427942
0.0197973
0.0253952
0.0322641
0.00990007
0.0105546
-0.00501803
-0.00883997
-0.00176075
-0.0032056
-0.019985
-0.0462245
-0.0438059
-0.0245708
-0.0486206
-0.0503751
-0.0435932
0.0186855
0.0211309
0.0205272
0.0176861
0.022849
0.0182128
-0.0301495
-0.0281525
-0.203878
-0.197272
-0.195587
-0.143108
-0.143229
-0.146306
-0.150501
-0.0948594
-0.120978
-0.230089
-0.269812
-0.269748
-0.260207
-0.22609
-0.221013
-0.204277
-0.203517
-0.200491
-0.153094
-0.155144
-0.150788
-0.155579
-0.143981
-0.105946
-0.108678
-0.104315
-0.14188
-0.132091
-0.149575
-0.136744
-0.24705
-0.251815
-0.237781
-0.22569
-0.242348
-0.237677
-0.240278
-0.241201
-0.204883
-0.197419
-0.210369
-0.247902
-0.257812
-0.258311
-0.262529
-0.299057
-0.290113
-0.337316
-0.334914
-0.36322
-0.363092
-0.370271
-0.362146
-0.354199
-0.360366
-0.352692
-0.346708
-0.347836
-0.306021
-0.303996
-0.262957
-0.263111
-0.0621132
-0.0664977
-0.0516849
-0.0976483
-0.0830917
-0.0921641
-0.0869793
-0.366467
-0.370882
-0.371294
-0.40252
-0.406449
-0.432377
-0.413769
-0.546125
-0.628601
-0.594282
-0.590391
-0.608857
-0.592839
-0.640876
-0.64177
-0.63718
-0.665757
-0.653531
-0.731232
-0.703292
-0.706945
-0.733194
-0.710118
-0.702813
-0.704505
-0.687963
-0.66655
-0.65917
-0.667191
-0.657265
-0.659444
-0.654687
-0.692867
-0.71911
-0.719682
-0.727743
-0.743205
-0.770096
-0.770902
-0.769962
-0.750175
-0.754174
-0.822988
-0.832056
-0.829762
-0.83062
-0.785214
-0.777381
-0.78127
-0.776792
-0.772721
-0.778089
-0.784801
-0.780182
-0.780932
-0.777721
-0.784258
-0.76271
-0.777735
-0.776418
-0.726033
-0.728807
-0.708818
-0.717353
-0.721494
-0.723291
-0.735115
-0.733831
-0.744138
-0.745631
-0.74858
-0.801555
-0.770268
-0.879751
-0.882989
-0.898752
-0.920739
-0.853123
-0.875597
-0.871849
-0.905809
-0.923874
-0.58139
-0.593693
0.122999
1.10516
1.9684
3.1845
4.06947
5.37698
6.56006
7.73594
9.65971
10.0217
11.1887
12.1174
12.3504
12.3567
12.5203
12.5321
12.4912
12.5082
12.2584
12.2826
12.2734
12.2905
12.2963
12.2318
12.272
12.2917
12.3159
12.3264
12.327
12.5619
12.5295
12.5545
12.5608
12.5714
12.5422
12.5594
12.572
12.557
12.5584
12.5693
12.5827
12.4681
12.4784
12.482
12.4797
12.4924
12.4945
12.545
12.546
12.5487
12.5428
12.5192
12.5262
12.5173
12.5152
12.5733
12.5746
12.6428
12.6778
12.6792
12.6412
12.6528
12.6811
12.6862
12.68
12.6865
12.8358
12.8393
12.9022
12.9045
12.9058
12.9149
12.9426
12.9461
12.9528
12.9716
12.9645
12.9504
12.9661
12.956
12.894
12.9336
12.9634
12.9624
12.9652
12.9569
12.9578
12.957
12.9648
12.9638
12.9472
12.9332
12.9357
12.9137
12.9094
12.9012
12.9044
12.8479
12.8594
12.8561
12.8884
12.8965
12.8914
12.9074
12.8701
12.8815
12.8942
12.901
12.9108
12.9319
12.9636
12.9925
12.9575
12.958
12.9604
13.0134
13.0236
13.0096
13.0062
13.0012
12.9994
13.0249
13.0179
13.0106
13.0136
13.0111
13.0403
13.0842
13.0735
13.0566
13.0665
13.0663
13.0695
12.643
12.6491
12.6543
12.6514
12.6526
12.6442
12.642
12.6435
12.6455
12.6419
12.4363
12.4372
12.4281
12.4933
12.4397
12.4593
12.4642
12.463
12.4768
12.505
12.1194
12.1163
12.1263
12.2744
12.2513
12.2623
12.2531
12.5536
12.556
12.5624
12.3492
12.3496
12.3709
12.3889
12.3997
12.4197
12.4192
12.4435
13.0052
14.6838
15.858
16.3836
17.6224
18.8293
20.0439
21.1925
22.1003
23.3187
24.4326
25.0878
26.106
27.0732
27.9622
27.9479
27.9643
27.8991
27.7829
27.7875
27.7692
27.7641
27.7722
27.7643
27.7645
27.7872
27.7767
27.7806
27.8028
27.8168
27.7446
27.7622
27.7521
27.7517
27.7067
27.7825
27.7815
27.7873
27.7902
27.5186
27.5298
27.5217
27.5272
27.5463
27.5537
27.5568
27.4895
27.3432
27.3444
27.3596
27.3699
27.3419
27.3481
27.3552
27.3731
27.35
27.3437
27.2423
27.242
27.2426
26.789
26.7869
26.8007
26.7976
26.7977
26.7935
26.9225
26.9251
26.9333
26.7654
26.7706
26.7776
26.7892
26.7761
26.7968
26.7992
26.8119
26.8123
26.8134
26.8112
26.8485
26.8546
26.794
26.8013
26.802
27.0795
27.0613
27.0603
27.0833
27.0125
27.019
27.0539
27.0686
27.0726
27.0841
27.0803
27.0627
26.9028
26.8984
26.9083
26.9125
26.9288
26.9471
26.9548
26.567
26.5354
26.5356
26.5289
26.4939
26.4891
26.4928
26.4846
26.5187
26.2296
26.2436
26.2288
26.2505
26.2453
26.2423
26.2375
25.8905
25.8827
25.8693
25.8288
25.8266
25.7977
25.8059
25.4711
25.4718
25.1514
25.1551
25.1747
25.1807
25.1853
25.2133
25.2138
25.5405
25.5319
25.5319
25.5844
25.9239
25.9244
25.894
25.9063
25.9073
25.9142
25.9261
25.9298
25.9264
25.9442
25.9495
25.9796
25.9706
25.9609
25.9684
25.9662
25.9615
25.631
25.6302
25.6237
25.6193
25.6545
25.6438
25.6259
25.6304
25.6347
25.6317
25.5907
25.5969
25.5719
25.5698
26.0476
26.0427
24.7204
24.9338
24.9425
25.0088
25.8968
27.2439
27.8227
28.9515
30.0218
31.3113
32.7764
33.8742
34.7927
35.7511
36.5225
37.7526
39.0942
40.2028
40.5703
40.6538
40.6493
40.6515
40.6453
40.6169
40.6332
40.6249
40.6303
40.6137
40.6518
40.6776
40.6518
40.6838
40.668
40.6592
40.6659
40.665
40.6661
40.6797
40.6717
40.6728
40.6623
40.6606
40.6514
40.6239
40.6139
40.624
40.6123
40.6181
40.6073
40.6082
40.607
40.5939
40.3229
40.4655
40.472
40.4749
40.4945
40.5382
40.541
40.523
40.545
40.5481
40.5736
40.5579
40.5648
40.6703
40.7295
40.7525
40.7571
40.7535
40.7423
40.7338
40.7393
40.7323
40.7543
40.7528
40.7517
40.7831
40.7517
40.6743
40.6689
40.6838
40.6712
40.687
40.7056
40.7268
40.7446
40.7444
40.7477
40.7644
40.7633
40.8088
40.8014
40.7882
40.7809
40.751
40.7797
40.7977
40.7843
40.6643
40.6473
40.5988
40.5899
40.5643
40.3761
40.3809
40.3806
40.3779
40.3778
40.3671
40.3597
40.3811
40.3828
40.3966
40.3865
40.3851
40.4081
40.4065
40.3801
40.3887
40.4421
40.4573
40.3304
40.364
40.4813
40.527
40.5719
40.6015
40.6703
40.7051
40.7682
40.7791
40.795
40.7858
40.7807
40.7884
40.8213
40.8208
40.8281
40.8312
40.8214
40.8537
40.8517
40.8382
40.8611
40.862
40.8604
40.8499
40.8047
40.815
40.8175
40.8156
40.8371
40.8442
40.8651
40.8973
40.8914
40.8877
40.8649
40.9436
40.9387
40.9605
40.9318
40.971
40.9563
40.9607
40.9536
40.9784
40.9939
41.0039
41.0146
41.0235
41.9652
43.3579
44.1014
45.2613
46.5255
47.6712
48.7507
49.3517
50.7856
51.7177
53.138
54.1858
55.2978
56.2617
56.9236
56.8953
56.9138
56.8975
56.9102
56.9275
56.9155
56.9436
56.9133
56.9037
56.9176
56.9226
56.9015
56.9079
56.9263
56.9029
56.9265
56.9192
56.9321
56.928
56.9498
56.9526
56.9205
56.9365
56.9311
56.9685
56.9215
56.836
56.8242
56.7246
56.7169
56.7323
56.75
56.7706
56.7733
56.7832
56.7804
56.7767
56.7787
56.7796
56.7755
56.7749
56.7788
56.8101
56.8037
56.6824
56.6847
56.6963
56.6967
56.7037
56.6962
56.6801
56.6974
56.7378
56.7386
56.7359
56.7335
56.7478
56.7577
56.7543
56.7452
56.7466
56.7379
56.7353
56.5287
56.5528
56.545
56.5542
56.5812
56.6028
56.603
56.6279
56.6473
56.6531
56.6652
56.6789
56.628
56.6544
56.6488
56.6312
56.6299
56.6032
56.5386
56.5569
56.5584
56.5353
56.5399
56.5396
56.5484
56.54
56.5521
56.5619
56.5689
56.5843
56.5769
56.5825
56.5934
56.5921
56.5925
56.6134
56.4959
56.5325
56.5319
56.5429
56.5286
56.5119
56.519
56.5313
56.5377
56.5504
56.5571
56.572
56.5851
56.5013
56.4894
56.5124
56.4612
56.4748
56.4855
56.4813
56.476
56.4734
56.4863
56.4927
56.4155
56.425
56.4119
56.3335
56.333
56.335
56.3676
56.3429
56.3393
56.4033
56.4173
56.3794
56.1487
56.1885
56.2011
56.2328
56.3137
56.3443
56.3907
56.4134
56.4283
56.4381
56.4388
56.4448
56.4475
56.4682
56.48
56.4535
56.5807
56.8003
56.1314
54.387
53.9027
52.5547
51.4497
50.0446
49.1729
47.9679
46.6891
45.4747
44.7709
43.4291
42.421
42.4014
42.4709
42.4385
42.4097
42.4173
42.4561
42.4139
42.4114
42.4357
42.4333
42.4409
42.4506
42.4655
42.4538
42.4469
42.4411
42.4355
42.439
42.4438
42.4331
42.4291
42.4439
42.4644
42.4493
42.3901
42.4227
42.5078
42.5107
42.5165
42.5122
42.4937
42.4719
42.4482
42.4319
42.4261
42.4426
42.4685
42.4586
42.4728
42.466
42.4534
42.4498
42.4392
42.451
42.4248
42.4074
42.4287
42.2498
42.3901
42.5233
42.5803
42.5915
42.5689
42.5814
42.6016
42.5891
42.6157
42.6451
42.6598
42.6642
42.6805
42.6681
42.6624
42.6562
42.65
42.6545
42.6714
42.726
42.7408
42.7455
42.7443
42.6643
42.6961
42.8226
42.8113
42.8152
42.8168
42.7944
42.7951
42.7871
42.7801
42.8111
42.7999
42.8601
42.8616
42.855
42.8471
42.8285
42.8194
42.8567
42.8812
42.8813
42.8746
42.8594
42.8575
42.8615
42.8491
42.8493
42.7856
42.6517
42.6351
42.619
42.6309
42.6171
42.6144
42.6187
42.6131
42.6204
42.6615
42.6556
42.6698
42.6561
42.6576
42.6415
42.62
42.6066
42.763
42.7568
42.7805
42.7779
42.7424
42.7271
42.705
42.5634
42.5588
42.5559
42.5565
42.5512
42.5533
42.5749
42.5783
42.592
42.6552
42.6603
42.6491
42.6357
42.6266
42.6442
42.6454
42.6448
42.6586
42.6648
42.6801
42.6808
42.6542
42.6652
42.8604
42.8605
42.8402
42.8549
42.8509
42.7128
42.7216
42.723
42.6284
42.0603
40.677
39.4072
38.5436
37.0228
36.4261
34.6366
34.1843
32.708
31.7321
30.3471
29.2586
27.8793
26.5223
25.9563
25.8174
25.8017
25.8163
25.7854
26.3949
26.3803
26.4134
26.385
26.431
26.4172
26.4371
26.4122
26.4024
26.3802
26.3341
24.6889
24.6876
24.7019
24.6923
24.7102
24.7066
24.7018
24.7049
24.565
24.5621
24.5677
24.5653
24.5606
24.5602
24.568
24.583
24.589
24.6018
24.6011
24.5886
24.6008
24.6328
24.6395
24.6364
24.6869
24.6771
24.6769
24.6745
24.6725
24.4
23.757
23.6435
23.6446
23.6544
23.6564
23.6714
23.6776
23.7256
23.7148
23.7211
23.6666
23.6526
23.6945
23.7101
23.813
23.7994
23.7947
23.7961
23.7923
23.7882
23.7803
23.7824
23.7908
23.7918
23.7958
23.7869
24.0447
24.0423
23.9656
23.9751
23.9769
23.9814
23.9806
23.9844
23.9813
23.9965
23.9908
23.9886
23.9922
25.0964
24.0509
24.0504
24.049
24.0307
24.0313
24.0861
23.3788
23.3657
23.3577
23.342
23.6045
23.6038
23.5935
23.6003
23.5868
23.5919
23.6392
23.6559
23.6743
23.6754
23.6767
23.6754
22.1117
22.1239
22.1326
22.1316
22.136
22.1135
22.12
22.114
22.1501
22.1229
22.1185
22.0677
22.0802
22.0868
22.2243
22.2134
22.209
22.2084
22.1742
22.1535
22.158
22.1618
22.1305
22.1405
22.137
22.1318
22.1279
22.1511
22.1541
22.1913
22.1594
22.1614
22.1565
23.5359
23.545
23.9264
23.9249
23.2732
23.2785
23.2622
23.4483
23.4655
23.4648
23.4595
23.4665
23.4765
22.6577
21.7761
19.9558
19.0618
17.8205
16.9866
15.5331
14.3963
13.5256
12.4043
11.2207
9.94226
8.80723
8.00941
7.98732
8.04198
8.068
8.0403
8.08857
8.07287
8.08174
8.07886
8.1011
8.09737
8.01731
8.02479
8.02092
8.02517
8.05281
7.90367
7.92008
7.91384
7.8718
7.84689
8.31728
8.32876
8.4914
8.52746
8.52027
8.54084
8.56106
8.54175
8.5389
8.52566
8.53325
8.62385
8.57098
8.5395
8.55453
8.69067
8.8011
8.6717
8.66083
8.69969
8.70404
8.69919
8.69105
8.72884
8.87968
8.93587
8.93737
8.96316
8.95231
8.9598
8.96014
8.97386
8.9699
8.96696
8.96107
8.88373
8.8852
9.17626
9.17351
9.17951
9.21023
9.20783
9.22429
9.20134
9.04544
9.05073
9.02522
8.99916
9.00872
9.00145
9.00165
9.00791
8.96988
8.9755
8.99766
8.99151
8.97725
8.98354
8.9844
9.12799
9.12697
9.12693
9.10718
9.10177
9.12975
9.13585
9.16279
9.1754
9.17995
9.18739
9.57139
9.60676
9.5986
9.61757
9.63429
9.58953
9.5986
9.55548
9.56344
9.53801
9.52135
9.50337
9.50426
9.50534
9.49258
9.4699
9.464
9.49059
9.50972
9.51086
9.51213
9.52293
9.50912
9.55061
9.5341
9.5353
9.53266
9.51144
9.49009
9.49508
9.49796
9.50016
9.46274
9.48497
9.49766
9.49627
9.50403
9.51172
9.50662
9.50525
9.50282
9.50183
9.50016
9.49658
9.50745
9.50937
9.48147
9.47187
9.49518
9.49506
9.49261
9.49259
9.50672
9.5221
9.5154
9.53289
9.56656
9.57114
9.54944
8.82857
7.72923
6.40436
5.24557
4.41478
3.1278
2.04016
0.530031
-0.480381
-1.89403
-2.97476
-4.17579
-5.091
-6.07596
-6.3126
-6.21692
-5.94077
-5.94496
-5.88442
-5.88502
-5.9
-5.89881
-5.90982
-5.89893
-5.91251
-5.89799
-5.87761
-5.88559
-5.78538
-5.79092
-5.76947
-5.74495
-5.73397
-5.71875
-5.71554
-5.67346
-5.75414
-5.74505
-5.73183
-5.73061
-5.78196
-5.78685
-5.657
-5.70857
-5.77783
-5.81346
-5.8544
-5.80808
-5.8082
-5.83991
-5.81603
-5.81278
-5.85265
-5.86854
-5.86614
-5.8551
-5.85831
-5.77429
-5.66964
-5.68136
-5.67666
-5.67193
-5.67339
-5.65682
-5.65345
-5.58032
-5.6125
-5.60086
-5.5909
-5.58934
-5.6273
-5.60402
-5.62899
-5.66884
-5.64678
-5.63188
-5.63237
-5.63945
-5.6201
-5.63255
-5.60785
-5.61429
-5.58434
-5.61005
-5.61739
-5.62012
-5.59864
-5.59477
-5.58455
-5.58787
-5.5713
-5.57192
-5.57031
-5.54111
-5.52474
-5.54332
-5.55237
-5.53427
-5.59551
-5.59283
-5.5874
-5.57952
-5.58338
-5.58569
-5.58451
-5.62772
-5.61253
-5.63974
-5.63552
-5.62349
-5.52421
-5.52072
-5.52013
-5.5168
-5.54184
-5.55329
-5.57242
-5.57118
-5.55206
-5.50815
-5.51549
-5.49869
-5.49766
-5.49993
-5.49383
-5.48432
-5.48345
-5.47249
-5.24307
-5.13082
-5.09646
-5.13476
-5.09861
-5.1019
-5.08074
-5.09443
-5.09933
-5.10995
-5.10514
-5.09367
-5.18045
-5.18082
-5.21534
-5.23754
-5.23677
-5.23561
-5.25704
-5.27087
-5.27849
-5.27403
-5.26424
-5.26871
-5.27937
-5.32163
-5.24427
-5.27866
-5.27823
-5.26666
-5.24899
-5.25725
-5.25634
-5.24896
-5.32164
-5.28321
-5.87967
-4.79807
-3.38539
-2.3044
-1.22349
-0.714552
0.710298
1.68855
3.02772
4.0284
5.31382
6.43456
7.41383
8.03505
8.11311
8.10356
8.05164
8.0618
8.05733
8.06874
8.03588
8.04162
8.02977
8.01638
8.31001
8.30835
8.31812
8.31695
8.32941
8.31004
8.29225
7.94796
7.98987
7.98407
7.95548
7.9727
7.95096
7.95452
7.9748
7.97316
7.97872
7.99865
8.0011
7.99567
7.99835
8.12175
8.11535
8.12115
8.17589
8.17545
8.16117
8.2443
8.22779
8.23351
8.23804
8.23292
8.23219
8.36752
8.54422
8.57584
8.57363
8.60727
8.60331
8.60849
8.561
8.74978
8.52429
8.51568
8.51775
8.51628
8.51682
8.52202
8.54673
8.53693
8.55711
8.53037
8.52272
8.53805
8.47585
8.46037
8.45942
8.43309
8.43146
8.42608
8.42703
8.42653
8.41668
8.42956
8.42675
8.42706
8.43825
8.43729
8.42911
8.44221
8.44797
8.44644
8.43345
8.40924
8.42196
8.4258
8.46091
8.45986
8.45525
8.49315
8.46551
8.45343
8.45016
8.45638
8.4481
8.44047
8.43475
8.43943
8.44502
8.44447
8.43962
8.44194
8.44134
8.45421
8.42673
8.4456
8.44429
8.45062
8.44871
8.44894
8.4574
8.45674
8.46122
8.46485
8.47336
8.46648
8.47227
8.41572
8.43989
8.41521
8.42328
8.42171
8.42779
8.41427
8.40634
8.39339
8.39961
8.38428
8.38193
8.3777
8.36599
8.3584
8.35653
8.39091
8.3842
8.37746
8.38276
8.37873
8.34517
8.35759
8.35868
9.20909
10.7242
12.373
14.0497
15.846
17.1553
18.6098
20.3418
21.5564
23.0831
23.5375
23.5582
23.5703
23.5578
23.5521
23.5563
23.5637
23.5619
23.52
23.5152
23.5114
23.4166
23.3945
23.3695
23.3705
22.6016
22.6221
22.6172
22.6557
22.6531
22.6527
22.655
22.4677
22.4511
22.4602
22.489
22.5085
22.5056
22.4999
22.3914
22.3963
22.4013
22.3947
22.4123
22.4115
22.424
22.4203
22.4182
22.4206
22.4145
22.4226
22.4199
22.4229
22.4251
22.4199
22.1206
23.2832
23.7896
23.7841
23.7845
23.7759
23.7512
23.7491
23.7625
23.7638
22.6731
22.6695
22.66
22.6579
22.6603
22.6663
22.6652
22.8035
22.8035
22.8084
22.8109
22.8082
22.8092
22.8106
22.8397
22.8464
22.8329
22.822
22.8344
22.8418
22.8566
22.8568
22.8673
22.8328
22.8266
22.8252
22.8073
22.8161
22.2373
22.2339
22.2371
22.2375
22.2316
22.2293
22.225
22.2261
22.2133
22.2104
22.2125
20.9758
20.1236
20.143
20.1303
20.1376
20.1065
20.1064
20.0813
20.08
20.0835
20.0403
20.0506
20.0653
20.0635
20.0681
20.079
20.0524
20.0437
20.0418
20.0127
19.9799
19.9922
21.4219
22.6578
23.9171
25.3194
26.5327
28.065
29.0984
30.8118
32.053
33.7252
34.821
35.4954
35.5239
35.5682
35.5484
35.5606
35.5771
35.5078
35.5197
35.6793
35.6696
35.668
35.683
35.6754
35.6926
35.7221
35.7436
35.752
35.7886
35.7983
35.8259
35.8666
35.8586
35.8623
35.8512
35.8547
35.877
35.8644
35.8716
35.8755
35.876
35.8812
35.8702
35.8883
35.9234
35.916
35.912
35.949
35.9426
35.9373
35.9382
35.9316
35.9301
35.9294
35.9408
35.9343
35.913
35.9114
35.9192
35.8957
35.9302
35.921
35.9145
35.9238
35.9793
35.8103
35.8212
35.8487
35.8842
35.9263
35.932
35.9775
35.9936
35.9848
36.0119
35.991
35.9972
35.9778
35.9873
35.9737
35.9848
35.9931
35.9943
36.0169
35.9981
36.0017
36.022
36.0221
36.0434
36.0408
36.0449
36.118
36.1144
36.1277
36.1248
36.1283
36.1225
36.1412
36.1393
36.1401
36.1495
36.1559
36.1575
36.1579
36.1606
36.1767
36.1745
36.179
36.1688
36.1923
36.1763
36.1162
36.1395
36.1474
36.1909
36.1768
36.1824
36.1916
36.178
36.2248
36.2421
36.1732
36.1932
36.1981
36.1917
36.1821
36.1504
36.1585
36.1556
36.1475
36.1355
36.1173
36.1141
36.1167
36.1221
36.1331
36.1098
36.1213
36.1094
36.1071
36.1416
36.2414
37.0471
38.4833
40.4369
41.5214
42.6251
43.6211
44.8308
45.9348
47.0797
48.3847
49.5711
50.3508
51.6589
51.6739
51.6618
51.6378
51.6134
51.5954
51.4543
51.4636
51.4444
51.5783
51.5957
51.5948
51.6221
51.6536
51.6853
51.6832
51.7023
51.7141
51.7105
51.7357
51.7457
51.6869
51.957
51.956
51.9342
51.9309
51.9285
51.9271
51.9504
51.9444
51.9635
51.9918
51.9982
51.9939
52.0228
52.0309
52.0245
52.028
52.0315
52.0314
52.054
52.0544
52.0494
52.0241
52.0217
52.0258
52.0268
52.0591
52.0426
52.0291
52.0256
52.0177
51.8472
51.8735
51.76
51.7587
51.7527
51.7488
51.7459
51.7205
51.7432
51.7364
51.7262
51.7433
51.754
51.7593
51.7568
51.7531
51.753
51.7464
51.7775
51.7792
51.796
51.8073
51.8152
51.8173
51.7946
51.7949
51.7933
51.772
51.7715
51.7762
51.7859
51.7627
51.7711
51.6281
51.6227
51.6672
51.6696
51.6772
51.6988
51.7017
51.7183
51.725
51.7472
51.7272
51.6996
51.7349
51.7273
51.6721
51.6602
51.6356
51.629
51.624
51.6364
51.6311
51.6207
51.6221
51.2174
51.2214
51.2149
51.2079
51.1991
51.1867
51.1876
51.1437
51.1492
51.1781
51.193
50.9345
50.9361
50.9883
51.0445
51.0401
51.0727
51.1083
51.1008
51.1158
51.1398
51.1403
51.1312
51.1605
51.1627
51.1498
51.1516
51.1442
51.1349
51.1389
51.1404
51.1371
51.1465
51.1586
51.1576
51.171
51.1821
51.1594
51.2179
51.0142
50.2075
48.6001
47.7457
46.3843
45.2663
43.9789
42.6603
41.5609
40.2438
39.1856
37.6697
36.8308
36.5574
36.5978
36.5524
36.5756
36.5509
36.5452
36.5277
36.5583
36.5455
36.553
36.5453
36.4762
36.4966
36.4315
36.5545
36.5707
36.5631
36.5334
36.519
36.5
36.4944
36.4868
36.4747
36.469
36.4768
36.4227
36.4249
36.3786
36.3567
36.3252
36.3583
36.3629
36.3532
36.2
36.2086
36.2044
36.1722
36.1836
36.1097
36.1118
36.1106
36.1065
36.1196
36.1144
36.12
36.1134
36.097
36.1169
36.1116
36.1063
36.1134
36.1336
36.1269
36.145
36.1396
36.1323
36.1543
36.1445
36.1455
36.1288
36.1407
36.1385
36.1397
36.1404
36.1524
36.1579
36.1515
36.1728
36.1635
36.1644
36.1578
36.1611
36.1585
36.1394
36.1383
36.1687
36.1862
36.2041
36.2369
36.241
36.229
36.2347
36.2083
36.2595
36.2558
36.2448
36.2435
36.2351
36.1853
36.1868
36.1987
36.1905
36.187
36.183
36.1881
36.1436
36.1259
36.1229
36.0974
36.1066
36.0895
36.0457
36.0547
36.0065
35.9962
36.0027
35.9988
36.0121
36.0138
36.0063
35.9996
35.9664
35.9685
35.9694
36.0139
36.0151
36.0052
36.0018
36.0173
36.0226
36.0177
36.0118
35.9944
35.9859
35.9978
35.9901
35.9849
35.962
35.9675
35.9698
35.9592
35.9637
35.9535
35.9428
35.8986
35.9118
35.9045
35.9419
35.933
35.9436
35.9379
35.9289
35.9194
35.932
35.9427
35.9428
35.9333
35.9319
35.9228
35.9067
35.8996
35.2127
33.8471
32.8013
31.9261
30.5381
29.3991
28.1954
26.7619
25.6701
24.2517
23.2475
21.7432
20.6602
19.7623
19.7391
19.7194
19.7727
19.6789
19.6827
19.6798
19.6786
19.6897
19.7641
19.6351
19.7167
19.8013
19.788
19.8283
19.8216
19.8108
19.8093
19.7976
19.8197
19.7814
19.73
19.7316
19.6961
19.6367
19.6334
19.6348
19.6116
19.6342
19.6282
19.6116
19.5955
19.0383
19.0385
19.0339
19.0262
19.0778
19.0717
19.0911
19.0894
19.0826
19.0869
19.0862
19.1289
19.1692
19.1561
19.2507
19.2549
18.597
18.6211
18.6365
18.6409
18.6469
18.6395
18.6515
18.6535
18.6546
18.4704
18.3555
17.6306
18.4346
18.4356
18.4376
18.4446
19.0245
19.0149
18.9375
18.9564
18.989
18.9874
19.0151
18.7637
18.7618
18.7686
18.7847
18.7946
18.1643
18.5657
18.5588
18.5549
18.5537
18.5519
18.5363
18.539
18.7183
18.7104
18.7344
18.4736
18.5092
18.5132
18.5194
18.5188
18.5165
19.3039
19.2914
19.2998
19.2776
19.2423
19.242
19.2472
19.2399
19.2547
19.2425
19.2069
19.4712
19.5172
19.5177
19.5231
19.8188
19.8253
19.8515
19.8548
19.8551
19.861
19.8547
19.8439
19.8454
19.8345
19.8378
19.838
19.839
19.8385
19.8324
19.823
19.8776
19.8771
19.8991
19.8926
19.8909
19.8908
19.8952
19.8809
19.8803
19.8047
19.8274
19.8257
19.8284
19.8239
19.8136
19.8201
19.8087
19.8122
19.8053
19.7974
19.7948
19.7938
19.8275
19.8254
19.8251
19.815
19.8152
19.8132
19.816
19.7441
18.3462
17.5892
16.4338
15.3526
14.1367
13.6039
12.7732
11.3717
10.1953
9.39725
8.20461
7.16864
5.73665
4.64443
4.12968
4.12909
4.1277
4.14869
4.1694
4.21036
4.20976
4.23435
4.08898
4.09032
4.09515
4.05335
4.08612
4.00532
4.01459
4.03831
4.02864
4.02567
4.03075
4.03957
4.01453
4.06207
4.06233
4.05948
4.0552
4.0597
4.0489
4.03716
4.04109
4.06452
4.05095
4.05648
4.05919
4.05876
4.06138
4.05803
4.0543
4.02757
4.03616
4.01378
4.00271
4.00006
4.04085
4.02824
4.02919
4.02479
4.40376
4.27418
4.27103
4.27761
4.27736
4.29141
4.17582
4.17262
4.17444
3.88588
3.88373
3.89121
3.99822
4.01191
4.02474
4.01287
4.01682
4.01555
4.02216
4.02626
4.01755
4.00146
3.82439
3.84222
3.84021
3.83614
3.8458
3.88388
3.80819
3.80329
3.77555
3.75969
3.75726
3.75922
3.69637
3.67391
3.66889
3.67354
3.66408
3.66444
3.57855
3.59123
3.57101
3.56817
3.58105
3.58115
3.58476
3.06777
3.0761
3.07335
3.06035
3.07154
3.08486
3.03707
3.03653
3.13433
3.15161
3.13993
3.16057
3.16924
3.16728
3.16648
3.16836
3.16525
3.15099
3.18457
3.18335
3.19603
3.18871
3.18738
3.19063
3.2011
3.2146
3.22485
3.21443
3.22775
3.23022
3.19758
3.15994
3.18896
3.21198
3.33951
3.43631
3.42942
3.42268
3.41867
3.4846
3.47297
3.45121
3.44617
3.30393
3.30633
3.3101
3.3194
3.29847
3.29927
3.26767
3.53963
3.54624
3.55559
3.5649
3.55034
3.56289
3.55473
3.53922
3.53519
3.54488
3.52746
3.55869
3.55676
3.55582
2.98428
2.57884
0.647388
-0.205471
-1.66144
-2.9703
-3.74211
-5.2391
-6.28991
-6.93408
-8.20632
-9.51872
-10.395
-11.7517
-12.1559
-12.1467
-12.1776
-12.1275
-12.3506
-12.3284
-12.3225
-12.327
-12.302
-12.301
-12.3044
-12.0703
-12.0524
-12.0696
-12.0544
-12.1253
-12.2457
-12.2493
-12.409
-12.4026
-12.3763
-12.4222
-12.3283
-12.3997
-12.399
-12.3979
-12.402
-12.4266
-12.4371
-12.4268
-12.4082
-12.4005
-12.3918
-12.3947
-12.3974
-12.3993
-12.4841
-12.61
-12.2963
-12.3332
-12.5236
-12.4945
-12.4915
-12.5048
-12.4569
-12.4528
-12.5075
-12.514
-12.5116
-12.4872
-12.4765
-12.4732
-12.5215
-12.6123
-12.5529
-12.5395
-12.5353
-12.584
-12.5695
-12.5122
-12.5177
-12.5118
-12.515
-12.5123
-12.5155
-12.5096
-12.5187
-12.5186
-12.4727
-12.4605
-12.4606
-12.4558
-12.4458
-12.4304
-12.4217
-12.4159
-12.4124
-12.4035
-12.4122
-12.4144
-12.3806
-12.4096
-12.4219
-12.4078
-12.4077
-12.4119
-12.4661
-12.4655
-12.4449
-12.4608
-12.4871
-12.4848
-12.4931
-12.4903
-12.4868
-12.4889
-12.5118
-12.3297
-12.33
-12.3474
-12.3382
-12.1565
-12.157
-12.1606
-12.1606
-12.1306
-12.1257
-11.9655
-11.9778
-11.9445
-11.9646
-11.8999
-11.9001
-12.396
-12.2811
-12.2871
-12.2329
-12.2188
-12.2132
-12.2654
-12.2706
-12.2748
-12.2461
-12.2516
-12.3016
-12.3033
-12.3037
-12.3122
-12.3187
-12.33
-12.4022
-12.3567
-12.4141
-12.4477
-12.4467
-12.4469
-12.442
-12.4127
-12.4171
-12.5038
-12.5391
-12.5281
-12.5506
-12.5663
-12.5604
-12.5778
-12.5876
-12.7224
-12.7358
-12.7392
-12.7233
-12.718
-12.7091
-12.7038
-12.7823
-13.0857
-12.2675
-10.7897
-9.7878
-8.55536
-7.67627
-6.42337
-5.26058
-4.0531
-2.80941
-1.80808
-0.642354
-0.220181
0.635938
0.617596
0.610232
0.63084
0.638117
0.68795
0.68066
0.752794
0.746379
0.741618
0.78653
0.786135
0.765055
0.726887
0.818628
0.766587
0.773923
0.7906
0.77899
0.776904
0.785607
0.779005
0.392065
0.374474
0.399896
0.179868
0.187815
0.200199
0.197552
0.0289939
0.0265934
0.0172719
0.0195958
0.0149613
0.00551132
-0.00300748
0.00974538
0.134849
0.615967
0.601182
0.734
0.709469
0.757819
0.752603
0.811218
0.892659
0.966645
1.05523
1.06362
1.08096
0.412962
0.424494
0.329705
0.334785
0.368332
0.353843
0.352162
0.346087
0.320594
0.296818
0.297727
0.310977
0.319585
0.318291
0.276408
0.278934
0.427896
0.424374
0.4168
0.470609
0.481677
0.474766
0.489293
0.492955
0.494263
0.464821
0.456228
0.456372
0.465386
0.560172
0.54053
0.533566
0.533456
0.544355
0.323757
0.321939
0.323072
0.30789
0.30897
0.320524
0.333035
0.320877
0.303142
0.362084
0.359386
0.363814
0.223993
0.207125
0.195143
0.204763
0.137998
0.138941
0.189027
0.3022
0.219524
0.215766
0.237591
0.23293
0.199783
0.208306
0.212544
0.207204
0.190468
0.176313
0.18778
0.19196
0.155678
0.138701
0.146373
0.149046
0.192116
-0.0227264
0.12299
0.124634
0.123952
0.11932
0.16151
0.167838
0.246083
0.246715
0.243642
0.267515
0.231846
0.257142
0.261912
0.188224
0.187282
0.12364
0.126887
0.154048
0.151789
0.120345
0.148462
0.143714
0.125245
0.0906877
0.0798029
0.0856957
0.0934768
0.0932374
0.072314
0.133705
0.145
0.146096
0.257036
0.934909
2.17481
2.87836
4.58965
5.56591
6.9242
7.89789
9.20653
9.95134
10.7058
11.7979
13.1602
13.9138
15.0992
15.3727
15.3812
15.3526
15.3608
15.3725
15.3761
15.3888
15.3838
15.4005
15.3832
15.3899
15.3885
15.4
15.3594
15.3556
15.3688
15.376
15.3786
15.3674
15.371
15.3716
15.3681
15.3705
15.3874
15.6261
15.6309
15.6328
15.6125
15.5941
15.6044
15.5965
15.6152
15.6229
15.614
15.6123
15.6375
15.6607
15.6782
15.6819
15.6672
15.6735
15.6789
15.6773
15.6747
15.6612
15.6683
15.6648
15.6648
15.6327
15.6358
15.6301
15.6364
15.6405
15.6167
15.6162
15.6146
15.5701
15.5837
15.5763
15.5875
15.5889
15.5545
15.6072
15.6116
15.6028
15.5988
15.538
15.5637
15.5602
15.5481
15.5617
15.5591
15.5525
15.5522
15.3839
15.3753
15.3727
15.3928
15.3862
15.3939
15.3497
15.3541
15.3887
15.3728
15.3842
15.4156
15.4126
15.4177
15.4107
15.4189
15.3962
15.3981
15.388
14.7142
14.7939
14.7987
14.7925
14.791
14.837
14.8321
14.8637
14.8646
14.8911
14.8983
14.3881
14.1739
14.1793
14.153
14.1594
14.1542
14.1409
14.1464
14.1552
14.1495
14.1539
14.1391
14.1413
14.0591
14.0643
14.088
14.1054
14.1295
14.1228
14.1274
14.1414
14.1588
14.1507
14.2914
14.295
14.2378
15.7642
15.7672
15.7975
16.1729
16.1456
16.1356
16.137
16.1377
16.132
16.1317
16.1304
16.1382
16.1374
16.1335
16.1296
16.1254
16.1241
16.1089
16.1117
16.1053
16.1057
15.008
15.0012
14.7756
14.8376
15.2836
16.9011
18.0466
19.3314
19.7726
21.0291
22.3292
23.7372
24.7421
25.8357
27.0398
27.8359
28.9314
30.2593
30.4983
30.5551
30.4824
30.5439
30.5546
30.5791
30.5657
30.6049
30.6182
30.5984
30.595
30.6107
30.5855
30.6058
30.5938
30.6186
30.6601
30.6637
30.6726
30.6745
30.648
30.6772
30.706
30.7036
30.7215
30.7225
30.7153
30.7153
30.7155
30.7232
30.8545
30.8602
30.8666
30.8756
30.8824
30.8705
30.8348
30.8872
30.8739
30.8888
30.8907
30.8629
30.8643
30.9038
30.9292
30.9364
30.9467
30.9739
30.9808
30.976
30.9709
30.9837
30.9938
31.0035
30.967
30.9484
30.9359
30.9729
30.9858
30.9953
30.9857
30.9971
31.0589
31.0394
31.0386
31.0296
30.9963
30.7411
30.8557
30.8756
30.8709
30.8772
30.9172
30.9247
30.9452
30.9796
30.9794
30.9935
30.9797
30.9772
30.9858
30.9838
31.0201
31.004
30.9454
30.963
30.9544
30.9245
30.9353
30.9294
30.9237
30.9173
30.8647
30.8739
30.876
30.8741
30.8691
30.8815
30.8667
30.8293
30.8244
30.8059
30.7948
30.7727
30.7665
30.7584
30.749
30.7459
30.7606
30.7476
30.7399
30.7545
30.7248
30.7149
30.7141
30.7047
30.6727
30.6643
30.6838
30.6761
30.6229
30.6197
30.6221
30.6229
30.615
30.6183
30.6115
30.6756
30.6453
30.6322
30.6166
30.6179
30.6173
30.6015
30.6192
30.6275
30.3962
30.3395
30.3553
30.3513
30.4105
30.4097
30.4301
30.4403
30.4806
30.4432
30.4012
30.4046
30.4
30.3882
30.3822
30.3949
30.358
30.6643
31.1279
32.5372
33.7985
35.1256
36.2679
36.8815
38.1541
39.3471
40.7295
41.8952
42.4764
43.7498
44.8576
46.0779
47.1134
47.0973
47.1407
47.121
47.1448
47.1371
47.0758
46.7957
46.7955
46.8104
46.7965
46.796
46.7595
46.7639
46.7828
46.7777
46.7763
46.8014
46.8045
46.7732
46.7895
46.7915
46.7758
46.771
46.8374
46.8129
46.8234
46.8261
46.8228
46.8321
46.837
46.8509
46.8628
46.886
46.8811
46.9047
46.8461
46.8506
46.8756
46.8723
46.8775
46.8801
46.8843
46.8767
46.8817
46.8809
46.8756
46.8739
46.888
46.8659
46.8499
46.85
46.8857
46.8786
46.8881
46.8951
46.9082
46.9108
46.9076
46.9274
46.9332
46.9486
46.9557
46.6138
46.5777
46.6689
46.6878
46.7503
46.7392
46.7676
46.7746
46.7429
46.7417
46.8053
46.8174
46.8084
46.8223
46.796
46.7921
46.79
46.798
46.7756
46.8075
46.8025
46.7905
46.7931
46.7742
46.7787
46.7852
46.8042
46.7937
46.7938
46.7765
46.7912
46.7923
46.8012
46.8059
46.7216
46.7255
46.6966
46.6874
46.6912
46.7189
46.7111
46.6734
46.6701
46.6797
46.6833
46.6872
46.6935
46.7167
46.7139
46.7209
46.7241
46.7168
46.6989
46.6933
46.7031
46.7367
46.7398
46.6903
46.7043
46.7109
46.7318
46.7134
46.7558
46.7513
46.7488
46.7549
46.7931
46.7992
46.8008
46.8721
46.8628
46.8629
46.8548
46.8563
46.8541
46.8526
46.8637
47.1313
47.1221
47.0927
47.0898
47.0656
47.1199
47.1298
47.1218
47.0769
47.0591
47.0536
47.0448
47.0421
46.9953
47.3541
46.9846
46.1347
45.2015
43.8347
42.8477
41.0017
40.5755
39.2563
38.2368
36.458
35.7589
34.3943
33.4578
33.4319
33.4875
33.4528
33.4304
33.4186
33.3368
33.3394
33.3656
33.3654
33.3629
33.3838
33.3623
33.3696
33.3592
33.3849
33.407
33.3224
33.3309
33.3387
33.3438
33.3603
33.3127
33.3522
33.3498
33.339
33.3264
33.3021
33.2867
33.3014
33.3194
33.3121
33.3007
33.2521
33.2776
33.3466
33.3518
33.3988
33.4257
33.4044
33.4277
33.4188
33.4424
33.4757
33.4733
33.4632
33.2609
33.4736
33.547
33.5538
33.5625
33.6231
33.645
33.631
33.6556
33.6514
33.6455
33.6454
33.6568
33.6228
33.6064
33.6116
33.6088
33.6031
33.5326
33.536
33.5465
33.5656
33.5794
33.5637
33.5784
33.5839
33.5476
33.5401
33.5845
33.5746
33.5796
33.592
33.6276
33.6095
33.6241
33.6123
33.635
33.6078
33.4128
33.4272
33.4145
33.4109
33.4191
33.4161
33.4066
33.4127
33.4036
33.4071
33.4143
33.4172
33.4263
33.4275
33.4247
33.4082
33.3709
33.3752
33.3809
33.3751
33.3598
33.3353
33.3354
33.3271
33.3874
33.3942
33.3886
33.4118
33.4239
33.4328
33.4279
33.4212
33.4236
33.4213
33.4431
33.4307
33.4276
33.4319
33.437
33.3919
33.3759
33.382
33.3898
33.4166
33.3942
33.3972
33.3985
33.3847
33.3676
33.4005
33.4127
33.4073
33.4111
33.4174
33.4274
33.409
33.4157
33.3993
33.2765
33.231
33.2404
33.222
33.2087
33.2541
33.2423
33.2424
33.2433
33.2328
33.2062
33.1978
33.1717
32.0791
30.6091
29.8943
28.9108
27.413
26.1813
24.8294
23.7037
22.8769
22.4511
20.9079
19.7805
18.5068
18.0837
16.7006
16.8635
16.8646
16.8381
16.8821
16.8375
16.8567
16.8783
16.8436
16.1487
16.1841
16.1718
16.1699
16.1817
16.1498
16.1523
16.1623
16.2067
16.208
16.2983
16.2848
16.2955
16.2794
16.2764
16.3797
17.1218
17.1146
17.1152
17.1132
17.1015
17.1163
17.095
17.0999
17.2712
17.3671
17.3657
17.3948
17.4137
17.4189
17.4066
17.404
17.3744
17.3769
17.293
17.3334
17.3342
17.326
17.3262
17.335
17.35
17.3524
17.3571
17.361
17.3584
16.6643
16.6698
16.6788
16.682
17.77
17.7705
17.7683
17.8311
17.8361
17.8569
17.8423
17.0226
17.018
17.0051
16.9888
16.993
17.0079
17.005
17.0311
17.0149
17.0134
17.0181
17.3101
17.3069
17.3067
17.0252
17.0246
17.0271
17.0355
17.0421
17.0363
17.0351
16.903
16.8804
16.8816
16.3387
16.3332
16.3233
17.7911
17.7905
17.7602
17.8621
17.8616
17.8667
17.8859
17.9359
17.9303
17.9382
17.9421
17.9573
17.966
17.9644
17.9558
16.8498
16.8488
16.8427
16.8365
16.8312
16.8254
16.8262
17.2286
17.2261
17.2858
17.2808
17.2989
17.3015
17.3014
17.2962
17.2796
17.3095
17.291
17.2793
17.2702
17.2695
17.2641
17.2673
17.2723
17.2824
17.2666
17.2704
17.2457
17.2421
17.2483
17.25
17.2527
17.2688
17.2736
17.2715
18.3124
18.3301
18.3278
18.3105
17.913
15.7208
15.7058
15.711
15.7102
15.7141
15.7
15.6986
15.6991
15.7758
15.7743
15.7951
16.3404
16.3037
15.3213
13.9263
12.6228
11.876
11.6182
10.5329
9.36913
8.13835
6.88178
6.08834
4.72981
4.392
3.12356
1.89386
1.06266
1.24456
1.27664
1.28401
1.2873
1.32198
1.311
1.32036
1.30642
1.38791
1.3838
1.39498
1.39471
1.38336
1.37953
1.37169
1.39015
1.39274
1.396
1.37741
1.35617
1.35036
1.38337
1.41521
1.42597
0.85178
0.844897
0.814132
0.814618
0.844925
0.840402
0.8676
0.84459
0.872604
0.871769
0.878394
0.878259
0.874799
1.44387
1.45157
1.44664
1.45582
1.47115
1.46164
1.4636
1.47943
1.49245
1.58376
1.60367
1.56633
1.47764
1.47555
1.47159
1.4534
1.45805
1.45226
1.45609
1.48423
1.48646
1.48623
1.50517
1.48881
1.51563
1.51412
1.48691
1.4975
1.49431
1.49701
1.49456
1.47003
1.34607
1.34605
1.34343
1.28581
1.11176
1.1138
1.13098
1.13205
1.11803
1.11565
1.11908
1.40686
1.40302
1.34763
1.36223
1.37535
1.37467
1.43773
1.22374
1.22455
1.24539
1.36224
1.38096
1.3861
1.07345
1.07634
1.08146
1.08657
1.076
0.751889
0.75981
0.773855
1.18712
1.1559
1.16219
1.19194
1.1871
1.18973
1.17639
1.17393
1.19167
1.21092
1.20797
1.2013
1.20368
1.20484
1.20373
1.2156
1.19237
1.20487
1.19847
1.24533
1.22904
1.22909
1.19599
1.20129
1.19923
1.18581
1.2027
1.19122
1.19081
1.20665
1.19177
1.16111
1.15908
1.15955
1.1231
1.12904
1.11667
1.1141
1.07531
1.07549
1.07117
1.0779
0.998381
0.995951
0.974679
0.980918
0.985295
0.988718
1.1017
1.12631
0.837835
0.00796536
-1.41546
-2.23726
-2.98824
-4.05444
-5.3065
-6.40886
-7.87388
-8.97184
-10.4261
-11.2902
-12.8786
-14.3553
-14.562
-14.5715
-14.9488
-14.9762
-14.9304
-14.9033
-14.9045
-14.7141
-14.7389
-14.3988
-13.881
-13.88
-14.4555
-14.4625
-14.4568
-14.4594
-14.4471
-14.2732
-14.2874
-14.2411
-14.2234
-14.224
-14.2228
-14.2321
-14.2686
-14.2639
-14.2509
-14.308
-14.2332
-14.2386
-14.2317
-14.2286
-14.2321
-14.2331
-14.1444
-14.1291
-14.1254
-14.1068
-13.9965
-13.9968
-13.9812
-13.9784
-13.9844
-13.9828
-13.9761
-13.9491
-13.9571
-13.9558
-13.9642
-13.9884
-13.993
-14.0192
-14.0398
-14.0418
-14.0369
-14.03
-14.0342
-14.0256
-14.0232
-14.0568
-14.0366
-14.0326
-14.0356
-14.027
-14.021
-14.0131
-14.1244
-14.1147
-14.1217
-14.1461
-14.2098
-14.2161
-14.2315
-14.2306
-14.2316
-14.2371
-14.2745
-14.2813
-14.2839
-14.2865
-14.3003
-14.3017
-14.2788
-14.2788
-14.2846
-14.2995
-14.2744
-14.2425
-14.3129
-14.3151
-14.3203
-14.1974
-14.0696
-14.0566
-14.032
-14.0394
-14.046
-14.0504
-14.124
-14.2301
-14.2324
-14.2155
-14.197
-14.1976
-14.2284
-14.2278
-14.2307
-14.2329
-14.2406
-14.2473
-14.2883
-14.2983
-14.2906
-14.2858
-14.2365
-14.2209
-14.252
-14.2097
-14.2058
-14.203
-14.2043
-14.2022
-14.199
-14.1944
-14.1879
-14.1857
