5.67599e-05
0.000136643
0.000127072
1.35488e-05
-3.1516e-05
6.3401e-05
6.59605e-05
-0.000101633
0.000278116
-0.00013311
9.08223e-05
8.39719e-05
-0.00014555
-0.00016347
-0.000116858
4.88655e-06
-1.83197e-05
-0.000156147
-0.000126514
3.04099e-05
-1.08064e-05
-0.000188191
-0.000135382
-3.52759e-05
4.25082e-05
0.000212358
0.000154529
-0.000129147
1.45932e-05
1.48958e-05
2.99447e-05
-0.000109203
-0.000126429
3.71668e-05
-5.59952e-05
2.39332e-06
5.06965e-05
-0.000159131
-2.86916e-05
2.83456e-05
2.404e-05
-0.000129316
-2.35407e-05
2.4482e-05
-5.05216e-05
-5.50882e-05
-2.29281e-05
-0.000139418
2.38338e-05
-5.36156e-05
2.12869e-05
-0.000142843
2.24844e-05
-6.26207e-05
-5.41614e-06
3.22669e-05
3.30188e-05
-4.86423e-05
7.6554e-05
4.0763e-05
0.000111079
4.11413e-07
-5.23938e-06
1.86716e-05
3.28402e-05
4.75453e-05
-3.91617e-05
-0.00013631
-2.41003e-05
-4.53887e-05
-0.000114186
-9.34327e-05
-9.46615e-05
-3.59716e-05
-0.0362566
1.51655e-06
3.77747e-07
-0.000174724
-0.000129208
3.09909e-05
0.000102767
-3.24009e-05
2.02881e-05
9.47291e-05
3.36622e-05
-5.63572e-05
-8.49789e-05
4.3421e-05
-5.11287e-05
2.18113e-05
-3.66907e-05
1.24616e-05
4.25738e-05
0.000168006
6.49306e-05
4.21597e-05
-8.79442e-05
-1.57405e-05
8.22502e-05
-9.43948e-05
-8.45838e-06
0.00010312
-3.5398e-05
4.02517e-05
6.65602e-05
5.66716e-05
0.000122544
-2.66323e-05
-8.99916e-06
-0.000102283
3.66969e-05
1.71511e-05
0.000116987
-3.02674e-05
-2.83198e-05
-1.72536e-05
3.23545e-05
3.79952e-06
4.9725e-05
7.50328e-05
-2.36018e-05
-9.66261e-05
-3.43039e-05
2.2958e-05
8.58246e-05
-0.0249835
0.0002881
-0.000300611
0.000102854
9.34168e-05
-7.00523e-05
-2.86836e-05
0.000155527
-4.41977e-05
-0.000120444
-2.01985e-05
7.55818e-05
1.07041e-06
5.23544e-05
-3.14092e-05
8.12128e-05
-3.20761e-05
-1.75641e-05
1.17012e-05
-9.31718e-05
6.37195e-05
0.000109729
0.000114798
-2.8476e-05
0.00815289
-1.40757
-0.03115
1.45015
-0.0232691
0.973857
-0.0144358
-0.0464701
-0.0446982
-0.0241605
-0.0241484
-0.0273292
-0.015631
-0.0361677
-0.0240475
0.709814
-0.0405047
-0.0144799
-0.0274113
-0.0154762
-0.0174414
0.0051003
0.0166673
0.0126732
-0.0148336
0.0300939
0.0176358
0.0320265
0.0235733
0.0323035
0.0219544
0.0235491
0.0340642
1.26466
0.0349716
0.0193285
0.0295699
0.0378556
0.0189916
0.0393728
0.028534
0.0206003
0.00926742
-0.0236283
1.15705
-0.0368383
-0.0613197
-0.0326339
-0.0150189
-0.0375972
-0.0396663
-0.0244802
-0.0437535
-0.0319814
-0.0177545
-0.0342146
-0.0154915
-0.0333768
-0.0179923
-0.0411677
-0.0377064
-0.0216858
-0.0229581
0.0245075
0.0204034
0.0138459
0.0120953
0.0389728
0.0237327
0.0307636
0.0327137
0.0204601
0.0350818
0.0131715
0.0416061
0.0140632
0.0262865
0.040173
0.0393319
0.0264119
-0.255262
0.0192582
0.0415382
0.011595
0.00193736
-0.0147637
-0.0157796
-0.0282907
-0.0391977
-0.0430428
-0.0158188
-0.0548188
-0.0273686
-0.016594
-0.0402487
-0.0291399
-0.0300384
-0.0297342
-0.0187056
-0.035492
-0.0130789
-0.0315393
-0.0115205
-0.0363318
0.0210693
0.0131134
0.0137704
0.015714
0.0223275
0.0353032
0.0164971
0.874685
0.0146812
0.0346456
0.036615
0.0208598
0.03836
0.00378857
0.033734
0.038575
0.0152858
0.0416521
0.031062
1.09799
0.0373961
-0.00236835
-0.0324228
-0.020767
-0.0291917
-0.0611957
-0.0210758
-0.0391641
-0.0397519
0.781779
-0.0432318
-0.0237621
-0.0342483
-0.0114033
-0.0376049
-0.0348185
-0.029539
-0.0321243
-0.0207633
-0.0374519
-0.0171517
0.0412333
0.0378376
0.0146831
0.0365358
0.0186146
0.0169652
0.0217358
0.0322761
0.0342141
0.0363103
0.0265024
0.0158225
0.0301059
0.0108675
0.0347164
0.0348563
0.0284218
0.0209995
0.0402421
0.0376765
0.0175589
-0.0322032
-0.0319912
-0.0300682
-0.188002
-0.0384687
-0.0716883
-0.0465787
-0.050465
-0.0323383
-0.058603
-0.0354344
-0.0292108
-0.0303648
-0.0331785
0.0178576
0.0301449
0.0216082
0.0372705
0.0245129
0.0219398
0.0524985
0.0257821
0.0282502
0.0226745
0.038216
0.0447161
0.0320334
0.0196918
0.0321556
0.027893
0.0208887
0.0292817
0.0171739
0.010549
-0.0202566
-0.037764
-0.0260581
-0.0290489
-0.0391706
-0.035875
-0.0275354
-0.0280168
-0.0413095
-0.0221223
-0.0220461
-0.0185695
-0.0188934
-0.0396539
-0.0254842
-0.0561875
-0.0298028
-0.0209801
-0.0266232
-0.0374397
-0.0257229
0.0301478
0.0173014
0.0333853
0.020481
0.100442
0.0127402
0.0209403
0.023073
0.0159676
0.0214635
0.0204023
0.0144174
0.0386679
0.0246777
0.0243905
0.0245268
0.0371812
0.0257005
0.0224108
0.0213857
0.0291689
0.0273453
0.0329621
-0.0276255
-0.0139143
-0.0342013
-0.0181862
-0.0172861
-0.0431369
-0.0232153
-0.0253237
0.629253
-0.0369267
-0.0376411
-0.0217958
-0.0161804
-0.0340026
-0.025067
-0.0252247
-0.0290336
-0.0202885
-0.0236823
-0.023793
-0.0155211
-0.0150493
-0.0254609
0.00917078
0.0185924
0.489897
0.0393095
0.025729
0.0234798
0.0241219
0.0149734
0.0353855
0.0141326
0.0156121
0.0199069
0.0313136
0.0197756
0.0363728
0.021305
0.0286709
0.0271025
0.0283573
0.0244105
0.0183205
0.0197543
0.00246232
-0.0364959
-0.0241891
-0.0221454
-0.0480492
-0.0263805
-0.0126258
-0.0258026
-0.0257276
-0.043282
-0.0213025
-0.021877
-0.0184947
-0.0219185
-0.0280711
-0.0387363
-0.0184844
-0.034573
-0.017352
-0.0192173
-0.0264979
-0.0216903
0.0164396
0.029076
0.0212996
0.023596
0.0343221
0.0263062
0.0154543
0.034423
0.0150737
0.0363937
0.0129995
0.0185734
0.0242866
0.0349379
0.0104859
0.0264017
0.0455693
0.0331698
0.0248053
0.0329515
0.0145261
0.0218615
-0.034698
-0.0205986
-0.0228053
0.10938
-0.0269766
-0.0433874
-0.0167103
-0.0141714
-0.0460799
-0.0145807
-0.0375625
-0.0133858
-0.0355098
-0.0397017
-0.0226914
-0.0210801
-0.0368157
-0.034855
-0.037113
-0.0151656
0.0432589
0.0370615
0.0215491
0.0376258
0.00708832
0.0209283
0.022018
0.0204522
0.0399486
0.0176478
0.0423771
0.0243399
0.0337109
0.0453398
0.0118815
0.0160156
0.0351929
0.0291602
0.0162153
0.0354034
0.0197779
-0.497807
-0.0413855
-0.0396375
-0.0084412
-0.0359456
-0.0331803
-0.0288936
-0.0434127
-0.0388835
-0.00673187
-0.0252158
-0.0308371
-0.0216671
-0.0317257
-0.0247847
-0.0394495
-0.0152819
-0.0366581
-0.0196949
0.0359938
0.0136776
0.0378462
0.0338992
0.0393261
0.0255008
0.0158363
0.0120549
0.0419882
0.0420846
0.0148425
0.0164698
0.0388846
0.00573552
0.0313168
0.0363764
0.020544
0.0404873
0.0140223
-0.00403275
-0.0357292
-0.0407822
-0.0153392
-0.0285461
-0.0358079
-0.0270532
-0.0440247
-0.0307994
-0.0173032
-0.0232126
-0.0382829
-0.0184476
-0.0332339
-0.00925365
-0.0412574
-0.0368672
-0.0221052
-0.0368818
-0.0391446
0.00574406
0.0251751
0.0152378
0.039317
0.0146011
0.0352183
0.0378836
0.0229098
0.0138921
0.0134256
0.0124709
0.0196156
0.0393258
0.0158652
0.0406325
0.0387962
0.0187393
0.033377
0.0270228
0.0350261
0.0135764
-0.00668439
-0.0321149
-0.0215333
-0.0290034
-0.0302463
-0.0433623
-0.0262639
-0.020683
-0.0294475
-0.0240208
-0.040981
-0.0170561
-0.0351795
-0.0128572
-0.416194
-0.0325895
-0.0358589
-0.0168584
-0.0377945
-0.0156537
-0.0100791
0.0404623
0.0376806
0.0315648
0.0251359
0.0281534
0.0372546
0.00617367
0.0251237
0.0154612
0.0110924
0.0174883
0.0205467
0.0285093
0.0336393
0.0277324
0.0181301
0.0394503
0.0379269
0.0413925
1.32544
0.00143659
-0.0263791
-0.0195603
1.22643
-0.039045
-0.0364952
-0.0337181
-0.0395577
0.524136
-0.0376055
-0.00516744
-0.0263173
-0.0348913
-0.0158827
-0.0336756
-0.0292021
-0.0222509
-0.0320334
-0.0290538
-0.0324651
0.0253794
0.0326315
0.0225347
0.0235321
0.0409779
0.0260278
0.0367365
0.0328719
0.0276483
0.0134895
0.0141906
0.0156373
0.0154382
0.0162002
0.0361499
0.0162626
0.0138501
0.031363
0.0255316
-0.419733
0.039592
1.27408
0.0304326
-0.00836863
-0.0359897
-0.0377303
-0.0381019
-0.0197602
-0.0372227
-0.0258475
-0.0375445
-0.0386896
-0.0238222
-0.0354304
-0.0223231
-0.0372759
-0.015196
-0.032083
-0.0353052
-0.0245196
-0.0337657
-0.032712
0.0118949
0.0284772
0.0241706
0.0366946
0.00364583
0.0131425
0.0295475
0.0289581
0.0308255
0.0172256
0.026181
0.0128746
0.0261462
0.0184488
0.0330052
0.0118094
0.0139635
0.0425646
1.3252
0.0405603
0.0222913
-0.00623021
-0.0128752
-0.285812
-0.00967253
-0.0221114
-0.0433367
-0.0366531
-0.0420601
-0.0192042
-0.0288452
-0.0395774
-0.0170301
-0.0270449
-0.0215497
-0.0298472
-0.0205462
-0.0369856
-0.0223859
-0.0348137
-0.00854718
0.0185034
0.0425516
0.0369941
0.0357091
0.0166086
0.0379503
0.00662661
0.034716
0.0230552
