-0.0444157
0.00466994
0.0016579
0.00653625
0.0140746
0.0103869
-0.00727263
0.0137686
0.000286213
0.00840986
0.000155309
-0.013023
-0.000742241
0.0133743
0.00499009
0.0060594
0.00112516
0.000153997
-0.00195336
-0.0355995
-0.00984879
0.250975
0.00245194
0.00406582
0.00241575
-0.0529299
0.0148295
5.02928e-05
0.0821258
0.00297047
-0.00287921
-0.0128952
-0.00413762
0.0226898
0.00410919
-0.0385679
-0.0241892
0.0121756
-0.00472894
-0.00189463
-0.00262642
-0.0104808
-0.050378
-0.00827709
-0.00790529
0.000963596
0.00524736
0.0116008
-0.00282003
0.0178275
-0.251536
0.188233
-0.00754351
-0.0061273
-0.0189484
0.0101577
0.0152713
-0.0652332
-0.00749559
0.00833279
-0.0219218
-0.00904314
-0.0143678
0.00242925
-0.00011668
-0.00290479
-0.0318027
-0.00220632
0.0241884
0.00936506
-0.0257145
0.0152024
0.00178603
0.00878954
-0.00184619
0.00834411
0.00450042
-0.0368033
-0.00445147
-0.000358977
-0.00406151
0.00420872
-0.00966445
-0.030756
-0.00377724
-0.000878962
-0.00551475
-0.0026857
-0.00939233
0.00165323
-0.00624944
0.00195613
-0.00584574
0.00628034
0.030717
-0.033735
0.00272217
0.00180319
-0.00970069
-0.00391351
-0.00378121
0.00561392
-0.00517676
-0.00126
-0.0546867
0.0104055
0.00336811
0.0403297
0.00408202
0.0438313
0.00174239
0.00926395
-0.00380847
0.00101442
0.0129549
0.000531112
-0.0960669
0.0318032
0.0266758
-0.0103667
0.0069602
-0.00736591
0.00351419
-0.0106751
0.0259694
0.0146871
0.00104693
-0.0304603
-0.0185341
-0.04337
-0.0340368
-0.0185845
0.0114378
0.00451861
-0.0201234
0.00130508
0.000408917
-0.00828134
-0.00592564
-0.0181757
0.000962828
0.00318253
-0.0842664
-0.0143134
-0.0582166
0.0009151
-0.0548659
-0.00554944
0.00641814
-0.00580072
0.0313302
0.0035557
-0.0327328
0.00103532
0.00790477
-0.00341283
-0.000855818
0.0293224
0.00716781
0.224772
0.0188464
0.00974926
0.00801492
0.0930398
0.0823031
0.0052082
0.0048422
-0.107946
0.0224203
0.050465
0.00942411
0.0251655
-0.0229969
0.00559784
0.00686895
-0.022364
0.000654554
-0.0155727
-0.00382194
0.00707922
-0.00144486
-0.0167794
-0.0262394
0.00241856
0.0192352
-0.0240498
-0.00175446
0.0067819
0.0622787
0.00244538
-0.000603693
-0.00284108
0.00516283
-0.00463613
-0.0483623
0.00199697
-0.175726
0.00660567
0.00168596
0.0524782
-0.000120727
-0.0030772
-0.00419522
0.055642
-0.0261187
-0.109111
-0.039723
6.47059e-05
0.0095403
0.0341171
0.00507754
0.0167362
0.000759983
0.00302583
0.0473967
-0.00205031
0.00435615
-0.00479121
0.0115984
0.0380349
-0.00273208
0.00436359
-0.0375654
0.00978862
-0.0174831
0.0128306
-0.110306
-0.00476549
0.0140338
0.0120909
-0.0166581
0.00467112
-0.0026008
-0.000922772
0.0363183
0.00746386
-0.0129504
-0.0375325
-0.00990997
-0.000499804
-0.00421803
-0.0365279
0.00894411
-0.0472028
0.0024024
-0.028306
0.000127201
-0.00717888
0.00812507
0.00794716
-0.00616734
0.00767452
0.00598421
-0.00112787
0.0418144
0.00202546
0.0410385
-0.000154257
0.200998
-0.00438446
0.0148128
-0.0459635
0.0145566
-0.00907241
0.00518486
-0.279488
-0.00441527
-0.000411352
-0.0312259
-0.00392925
-0.0259285
0.0186088
-0.132356
-0.0824766
0.0343193
0.00389063
-0.018466
0.0160181
-0.048037
-0.000893531
0.00458994
-0.028577
0.0122261
-0.0777012
0.0279394
-0.00365276
-0.0262485
0.0230758
0.00730517
-0.00169253
0.0165427
0.0214124
0.00737982
-0.00802106
0.00992683
-0.00217981
0.00475778
-0.0381806
-0.0262426
-0.00057249
-0.00806062
-0.0154621
-0.0268913
-0.000805512
0.000940309
0.0197869
-0.00399924
-0.068814
-0.00906798
0.00229425
-0.000858212
0.0454057
0.00783331
-0.00388922
0.00447803
0.00407101
-0.00536831
-0.0067115
0.0046191
-0.000750555
0.0032118
-0.00653718
0.0215478
-0.0150251
0.00131686
0.0503855
-0.0027742
0.0199888
-0.00853494
-0.00414132
-0.00179708
-0.0118237
0.00128408
-0.0103073
-0.00149274
-0.00294921
-0.0529744
0.031287
-0.109483
-0.00323833
-0.0157631
-0.0219868
0.0676157
-0.0224741
0.00374812
-0.0339597
-0.0180646
0.342484
-0.0123037
0.716692
0.982162
0.863236
1.2161
0.884967
1.30752
1.18308
1.17588
1.92377
0.36196
1.16703
0.928655
0.233082
0.00622085
0.163627
0.0118249
-0.0409541
0.0170336
-0.249739
0.0241863
-0.00927424
0.0171499
0.00581509
-0.0645542
0.0402357
0.0196921
0.0241739
0.0105601
0.000552302
0.234879
-0.0323425
0.0249305
0.006392
0.0105651
-0.0291735
0.0171466
0.0126007
-0.0149501
0.00140055
0.0109023
0.0133632
-0.114604
0.0103187
0.0035429
-0.00224006
0.0126688
0.00209555
0.0505194
0.00100536
0.00270973
-0.00591657
-0.0235739
0.0069426
-0.00883216
-0.00212354
0.0580897
0.00133917
0.0681778
0.035025
0.00130499
-0.0379066
0.011583
0.0282787
0.00509548
-0.00621437
0.00649976
0.149337
0.00344326
0.0629187
0.00226967
0.00132427
0.00914572
0.0276909
0.00348784
0.0066805
0.0188037
-0.00703786
-0.0141938
0.0157038
-0.0100651
-0.061989
0.0396253
0.0297382
-0.000978887
0.0028381
-0.00830671
0.000886208
-0.000830696
0.0078624
-0.00104536
-0.0165982
-0.0139986
0.00254979
-0.0220482
-0.00431127
-0.0082285
0.00319602
-0.0564361
0.0114886
-0.00330522
0.032263
0.00814589
-0.00512737
0.0159917
-0.03731
0.011441
0.0127037
0.00674606
0.00983661
0.0210817
0.0316818
0.0289891
-0.0350302
0.000458602
0.0024664
0.052919
0.0102343
-0.0139599
-0.00347605
-0.00492323
-0.0018275
0.0254604
-0.00692132
-0.00730053
0.00297543
-0.00247191
0.0291918
0.0438838
-0.010732
-0.0168879
0.00994337
-0.000289741
0.00319427
-0.426468
0.00612095
0.00515489
-0.00282624
0.0012148
-0.00843423
-0.00223629
0.00148248
0.0020113
-0.00353152
-0.205684
0.000933053
-0.00905625
0.065122
-0.0535984
0.0196876
0.00483331
-0.00119753
0.0138021
0.0282284
-0.385565
-0.00314126
0.00999855
0.148067
-0.023097
0.0109929
-0.00917698
0.300479
0.00246364
0.00636873
-0.21321
0.000457309
0.0212369
0.0179732
0.0108773
0.0200106
-0.000591695
0.0243049
0.561785
1.67853
1.17422
0.525625
1.23879
1.20691
1.21462
1.14857
0.907747
1.21842
1.11397
0.655117
1.01822
0.967216
0.888974
-0.0142656
0.0164082
-0.0652297
-0.116221
0.00466506
-0.0183269
-0.0051558
0.00815407
-0.00789715
0.00020428
0.0226691
-0.0105035
0.00394344
0.0221624
0.0140046
-0.0722166
0.0176224
-0.0100654
-0.000435592
-0.044946
0.0757617
-0.0010514
0.0057938
0.00293653
-0.271613
0.01124
-0.00814301
0.00553412
0.0190994
0.00740935
0.00308538
-0.0673473
-0.146262
0.00119567
0.0152235
0.0102865
-0.0280079
0.00619853
0.0071464
0.0178943
-0.0231365
-0.00625194
-0.101485
-0.000209938
0.000528491
-0.453616
-0.00206033
0.0137789
-0.00307991
9.85626e-05
-0.00421282
0.129008
0.00265453
0.00818588
-0.167956
0.00523788
0.00695538
0.0116639
-0.013173
0.0207733
0.00238674
0.0126911
0.000393721
0.00108805
-0.00216649
0.0373258
0.0060216
-0.0605776
0.00734262
0.000634321
0.27757
-0.0182095
-0.00107907
0.0230867
-0.0708616
0.00651412
0.0348754
0.014737
0.00397603
0.0115112
-0.00375665
-0.0176587
-0.159825
-0.00443296
0.00990306
0.00415677
0.0163279
0.0182666
0.00773748
-0.38784
-0.0315813
0.000207776
-0.00668978
-0.0350029
-0.00478701
0.00365403
-0.00814395
0.0340931
-0.289071
0.0139633
-0.014763
0.0216299
-0.00521673
-0.00294549
-0.00486424
-0.346966
-0.00777548
-0.0133902
-0.0405048
-0.00218443
-0.0289302
0.00816487
-0.33481
0.000730885
-0.320387
0.00370077
0.019603
0.00601885
0.00457317
0.0280123
0.00047308
0.326691
-0.00859623
-3.45997e-06
0.0525197
0.339506
0.000525366
-0.0304199
0.0122783
0.00105055
0.00684265
0.0119545
0.00367786
-0.00344098
0.0178549
0.0053069
0.0300364
-0.00898244
-0.00968081
0.00750449
-0.00220436
-0.00468946
-0.33051
-0.000795939
-0.00647067
-0.00445973
0.0352025
-0.0106318
-0.0179229
0.00443604
0.00436384
-0.00298756
-0.0410782
0.00629147
-0.0250163
-0.00216045
0.477834
-0.00489157
-1.32227
0.213365
0.0086582
0.0663677
0.887961
1.34705
0.578848
1.12879
1.07031
1.28951
1.46506
1.09787
0.91843
0.958462
0.771413
1.23001
1.34169
1.10856
0.367512
0.0834795
-0.00447757
0.00223153
-0.00622281
-0.0284567
0.0163798
-0.00837679
0.00542497
-0.0166403
0.03813
0.0258205
-0.0257602
0.0319706
-0.015832
-0.00875337
0.00667629
-0.000876577
0.00104059
0.0135886
-0.00792108
0.00103777
-0.0104703
-0.00168582
-0.0091965
-0.0275272
-0.010032
0.0101121
-0.0116431
0.00573482
-0.0107247
0.000854882
-0.00117156
-0.013097
-0.271029
0.142593
0.00648679
0.00289069
0.0196671
0.0436851
0.00280893
-0.0180146
0.021965
0.00312711
0.0254957
-0.0156551
0.00683927
0.105482
0.0592541
0.0230026
0.00453476
-0.00358629
-0.0111739
-0.00847545
0.00542701
-0.00692182
0.0219229
-0.00145813
-0.00105195
0.0313086
-0.0313093
-0.0774015
-0.00547435
0.0149045
-0.0125833
0.0157913
0.0186271
0.0211943
0.0177586
-0.000157174
0.00325184
0.0167086
-0.0010683
0.0455028
-0.00737921
-0.0131798
-0.00738128
-0.029865
0.0287235
0.0179597
-0.0133461
-0.120051
-0.0169425
-0.0485409
-0.00888484
-0.0256368
-0.188217
0.00488555
-0.000329857
-0.00275681
-3.4491e-05
-0.0107395
-0.00738302
0.0214106
0.00172586
0.0137816
-0.010131
-0.00141163
0.0230272
-0.0015518
-0.0264462
0.00856691
0.0534085
0.0152291
-0.126942
0.0336131
0.117317
0.0457367
0.0448758
0.0295772
0.0688481
0.0347462
0.0631118
0.010902
0.0158697
-0.00919559
-0.00505977
0.00767688
0.0329394
-0.000539826
0.007344
0.00312045
-0.00989553
0.032333
-0.00202044
-0.0134588
0.0228723
0.000905003
-0.00160158
-0.0104938
-0.0451903
0.0103082
0.00254015
-0.00190585
0.0214451
0.00707334
0.0209855
0.0321341
-0.00588278
-0.00370704
-0.0227707
0.078639
-0.00484786
0.0217581
-0.028694
0.0392048
-0.0147079
0.00441602
-0.00704957
0.0247709
0.0154999
0.00999611
0.0106483
0.00896415
0.941695
1.39266
0.743517
1.15991
1.26419
1.1457
1.07954
0.600985
1.43389
0.932085
1.42034
1.04776
1.11203
0.963857
0.661894
-0.0282501
0.0184713
-0.0162938
0.0127464
0.0172792
-0.0119911
0.0280739
-0.0303419
-0.00958776
0.0139385
0.00502248
-0.021157
0.00643901
0.018388
-0.0234499
0.0236594
-0.00734417
0.0129248
-0.00407066
0.0218118
0.00280081
-0.0321397
0.0160024
-0.00537032
0.0374053
-0.0470083
-0.0855351
-0.0117856
-0.0996545
-0.00762802
0.0153892
0.0176531
0.0206486
0.00266761
0.00995643
-0.00285762
-0.00371287
0.00199622
0.000892308
-0.00401718
-0.000626733
0.00385778
0.0313348
-0.00637852
-0.121306
0.00223042
0.0116243
0.000431502
0.00701409
-0.00752809
-0.0160483
0.0172363
0.0403952
0.000827986
-0.00271797
-0.00243279
0.0143895
0.00985109
-0.00336421
-0.00910338
0.0014027
-0.00868919
-0.00268758
-0.206549
0.0241053
-0.00782564
0.00917818
0.0270818
0.0215958
0.000144392
0.0248864
0.0194129
0.00581807
0.0121415
0.0136756
-0.0509461
0.026435
-0.00558859
-0.0176382
-0.00131903
-0.0266553
-0.0646558
0.0183784
0.00149574
-0.0230932
0.00455037
-0.000278911
0.00882494
-0.00847769
0.012177
0.00973264
0.00705685
0.01542
-0.00741907
0.00554876
0.0109122
-0.00125276
0.000329864
0.0209277
-0.117486
0.0366017
-0.000558837
0.0109914
-0.0142821
-0.0167534
0.00708971
0.0123143
0.00641249
0.0127176
0.00669024
0.0148927
0.0130784
-0.083757
-0.0119151
0.022951
-0.051183
0.0136376
0.0106393
-0.00418236
-0.00529615
-0.00261843
0.0128883
0.0064614
-0.0771795
0.00943821
-0.0130518
-0.0784668
-0.000414825
0.00191955
0.0326734
-0.0247634
-0.0035278
0.0639651
0.0139725
-0.037916
-0.230692
0.0397995
0.0125912
0.0317758
0.0808691
0.0305678
0.0464256
0.0227267
0.0148622
0.0098431
0.000696259
0.00599355
0.00266814
0.0206661
0.011807
-0.0264579
0.127192
0.219581
-0.66886
-1.74447
-0.484274
-1.34801
-1.10494
-1.40512
-0.871663
-1.20509
-1.27874
-1.21443
-0.703785
-1.34185
-1.00809
-0.0195692
0.069474
-0.0323838
-0.0287933
0.00760376
0.0388429
-0.0422484
-0.00246554
0.0242668
-0.00240789
0.00760308
0.00975548
0.0148645
-0.0116817
-0.00687972
-0.00582346
-0.00563003
0.00349198
0.00484122
-0.0107271
-0.00401752
0.0147752
0.0205355
-0.0150852
-0.0591732
0.0325569
0.0851342
0.00285317
0.00581099
-0.00428846
-0.018488
-0.0218091
-0.0237369
-0.0163042
-0.00571493
0.0164778
0.0258882
-0.00993553
0.0142639
-0.00682586
-0.0126097
-0.00358682
-0.0105836
0.0117248
-0.0261694
-0.0173729
0.0213238
-0.178952
0.140351
0.133202
0.0569819
0.0111303
-0.0225772
0.0125004
0.0202274
-0.0125304
0.0266054
0.0293961
0.0147022
0.00441148
0.0163184
-0.0124203
-0.00571302
-0.00616788
-0.00620301
0.00451089
0.0169146
0.0545792
0.0147557
0.00472819
-0.00119433
-0.0799873
0.0318136
0.126455
-0.0113204
0.00392019
0.00160744
-0.0223374
0.000680372
-0.00805113
-0.00694597
0.0309843
-0.0112465
0.0602764
0.00148333
-0.00666306
-0.00784378
-0.0186197
-0.00905314
0.0372579
0.0245249
7.27315e-05
-0.00673324
-0.0151204
-0.00198673
0.0040452
-0.0124261
0.000251691
-0.0637626
-0.133844
-0.016635
-0.0161104
0.0119567
-0.0138353
-0.00273558
0.00436434
-0.0056112
0.00727835
0.0410681
-0.00589675
0.0142043
-0.0136414
0.00142055
-0.0160174
-0.0215278
-0.0134484
0.156399
-0.00613188
0.0236455
-0.00261514
-0.0354082
-0.015383
-0.0220659
-0.141586
-0.00457032
-0.0029088
0.000563737
-0.00534266
0.00215401
0.0216263
0.00337885
0.0136368
0.0632802
0.005111
-0.0112635
-0.0134229
-0.00907001
0.0175718
0.00119515
-0.000577963
0.0138155
0.00622417
0.0152751
0.000709653
-0.0265947
0.0109907
0.195167
0.000177251
-0.0203573
0.0146797
-0.00395244
-0.138158
0.00889671
0.00132294
-0.0945397
-0.5681
-1.38336
-1.26979
-0.863623
-1.52075
-0.596659
-1.78955
-0.452315
-1.47624
-0.975977
-1.38492
-1.08856
-1.37931
-1.35697
-0.56601
-0.138878
-0.0157596
0.0146331
-0.0308675
0.609444
-0.0145606
0.0330898
-0.0283521
0.0459815
-0.0138289
0.0198972
-0.0249243
-0.00975158
-0.0222087
-0.0460859
-1.6452
-0.00127361
0.0142146
-0.00958624
0.017975
-0.00362987
-0.00482664
0.00311157
-0.139938
-0.00282412
0.00560007
-0.00248205
-0.00468828
-0.000406779
0.00779272
0.0150768
0.00597992
0.012766
-0.000695084
-0.0125163
0.0122498
0.03201
0.00672407
-0.00314708
0.050452
-0.00978071
-0.000147244
-0.00245134
-0.00196524
-0.272489
-0.643068
-0.11349
0.00114149
0.0098153
0.00196851
0.015028
0.00622451
0.0479533
-0.0107826
0.00627725
-0.0545312
-0.0139727
0.0418982
0.0156525
0.102876
-0.013621
-0.0047006
0.00145196
-0.00388173
-0.00407439
-0.00792563
0.00213074
0.00844696
0.000978644
0.00396684
-0.00890029
0.257841
-0.00241181
-0.0766951
0.00946593
0.00183033
0.00449583
-0.000769265
0.00373466
-0.00304847
0.0151777
-0.00571358
-0.00215981
0.00359309
1.10418
-1.0455
-0.000465189
-0.00144568
-0.0182657
0.00055869
0.0548344
-0.707278
-0.0131624
-0.00792875
-0.0157458
0.262455
-0.000698954
-0.0102423
0.00674345
-0.013414
0.00508103
0.0472673
0.0167137
0.0183723
0.00113689
0.00125983
-0.00131723
-1.56368
0.0121821
0.00873733
-0.00102082
0.00446867
-0.022509
0.00644842
-0.00593973
0.0360684
-0.0272596
-0.00434261
-0.0507803
0.0124588
0.00664497
0.137495
-0.0109319
-0.00443056
-0.000537732
-0.0342661
-0.0206571
0.00450435
0.00383911
-0.0313451
0.00997715
-0.00346216
-0.0052394
-0.00386635
0.0231822
0.00296051
0.0372462
-0.0319298
0.002025
-0.00494336
1.37942
0.00917085
0.381334
-0.0014976
-0.651692
0.00530758
-0.0163245
0.186154
0.0171273
-0.000606598
-0.00539409
0.00705044
0.00996463
-0.818816
-0.881534
-1.82031
-0.893987
-1.24135
-0.83389
-1.45344
-1.13681
-0.870749
-1.12129
-1.18357
-1.27845
-1.13504
-0.797819
-0.022089
0.0546611
0.0260194
-0.0277036
0.0482768
-0.0157046
0.00887394
-0.00288196
0.0222431
-0.00373828
-0.08006
0.00748908
-0.00387349
0.00424525
0.0276472
-0.149144
0.0164132
-0.00624008
-0.0420378
-0.0249127
0.470389
0.011478
0.162642
0.0360589
-0.00719289
0.0205741
0.0202145
-0.0193089
-0.0028446
-0.0132405
0.00758886
0.0906018
-0.0528767
-0.0314776
0.0150297
0.136145
0.110426
-0.129402
-0.0108632
0.0388594
0.00434293
-0.00485091
-0.00814021
0.0377941
0.150843
0.0561921
0.00149826
0.0257922
-0.010856
0.00748636
0.000345843
0.0137187
-0.00395529
-0.00294843
-0.00588246
-0.0773388
0.00146091
0.291064
-0.00275067
0.00599741
0.0307283
-0.00240477
0.016459
-0.0229511
-0.155902
0.00529107
-0.0255034
-0.02606
0.00955526
-0.00727193
0.000206228
0.00625834
-0.0380306
0.00561888
0.0221634
-0.00615627
-0.014256
0.00629122
0.000855242
0.143594
-0.00101853
-3.76896e-05
-0.0197586
-0.00540558
0.027976
0.00610825
0.026939
0.0126067
0.00455094
0.0074356
0.384006
0.0353625
-0.00815184
0.0189706
0.0167185
-0.0447624
0.0090745
-0.0431269
0.00796699
-0.0254344
-0.0166555
-0.0179809
0.000884345
0.0010843
-0.0127658
-0.02268
-0.00589696
0.0265906
0.0191306
0.00113588
0.00126899
0.0108008
-0.0138112
0.0414917
-0.0165033
0.00119744
-0.00264454
-0.0212163
-0.0213522
0.00498686
0.00288738
0.00220005
-0.0374259
0.0222289
0.0126904
-0.00138313
0.00775411
0.00769349
-0.00509563
-0.00137395
-0.00242868
-0.00098832
-0.00166902
-0.00358519
0.0108734
0.00191892
-0.0279028
-0.00959531
0.0233051
-0.000117564
-0.00244914
-2.50358e-05
0.014129
0.0153825
-0.0067027
0.0174926
0.0336761
0.00457413
-0.0216952
-0.720878
-1.09933
-1.32487
-1.15878
-0.83079
-1.28698
-1.08764
-1.51013
-1.01041
-1.41365
-1.08073
-1.20102
-0.91521
-0.984964
-0.236644
0.0956881
0.27615
-0.00419569
0.0605373
-0.000593012
-0.0149866
0.00119172
-0.0110079
0.0108865
-0.0135815
0.0145238
0.0203818
-0.00797793
0.100204
-0.00553612
0.021453
0.0245139
0.0109811
0.0152211
0.00321412
0.0420769
-0.0806805
0.00908885
0.0132238
0.00122058
-0.0513555
-0.00488793
0.129853
-0.0515771
-0.0692519
-0.0356344
-0.0409412
0.0463248
-0.000121006
-0.0317096
0.0238816
0.0032429
-0.0398691
-0.0158879
0.00239897
0.0110388
-0.00320334
0.0840122
0.104651
-0.0117156
0.00470188
0.00472911
-0.00146097
0.0165662
0.00337451
0.0731297
-0.0321788
0.01164
0.00995163
0.00156574
-0.037958
0.0232747
-0.024964
-0.0398544
0.0220563
0.0149024
-0.000488662
-0.00707565
0.0193485
-0.0124541
0.0247038
-0.0064417
0.0299534
-0.0257175
-0.00733903
-0.00272787
0.0214838
0.00386591
0.0102176
-0.00332011
0.0165716
-0.000616073
0.00160702
0.0292044
0.0163715
-0.0185819
-0.00904994
0.0180948
-0.0612329
0.00267841
0.00542669
0.00788468
-0.00386754
-0.00230438
0.0011743
-0.0432082
0.0151897
-0.0272095
0.00421758
0.012031
0.0992831
0.00349193
0.000586547
0.00332593
-0.0250333
-0.0114529
-0.019125
0.00123466
0.0191173
0.0439128
-0.00733437
0.0167938
0.00103137
-0.00226997
0.00610315
0.0095095
0.000865644
0.0109635
0.229417
0.112251
0.03436
-0.0382977
0.0361521
-0.00329348
0.0211633
-0.013693
-0.00490568
-0.0106132
0.00480852
0.0114711
-0.0867837
-0.000373158
-0.0345193
-0.0221913
0.000768755
0.00115949
-0.0214297
-0.0138372
-0.00761927
0.00446203
0.00979367
-0.00447134
-0.010666
-0.0422508
0.0773548
-0.0343879
0.000427202
0.0115736
0.0176677
-0.00825953
0.000905418
0.00738004
-0.0726778
0.0384291
-0.596456
1.0816
1.41268
1.08099
1.08091
0.50894
1.42485
0.978253
1.33917
1.00068
1.28542
1.12074
0.979268
0.621222
0.0780597
-0.00954888
-0.0519273
0.0101645
-0.0044688
0.0114058
-0.0328616
0.00574889
-0.0118583
-0.0133823
0.293621
-0.00165045
0.00976066
-0.0011675
0.0124574
-0.0193613
-0.0177934
-0.34429
0.04191
-0.00580171
-0.0285856
0.017214
-0.021733
0.00355829
0.0202755
-0.00163866
0.00555697
0.0199325
0.0024553
-0.00543691
0.0026795
0.123406
-0.00639804
0.00579865
0.0547391
-0.000446534
-0.0142721
0.0831246
-0.0165052
0.00571572
0.00453478
-0.00512845
-0.000724015
0.135332
0.176697
0.0316236
-0.00221516
0.033637
-0.00395802
0.00518641
-0.0474907
0.188772
-0.225491
-0.00860676
0.00207326
-0.00147351
0.000542484
0.00519575
0.0247152
-0.00980385
0.0201782
-0.0267347
-0.00765454
0.015332
-0.0622022
-0.0154722
-0.000957379
-0.0263268
-0.00162948
-0.00537955
0.000953874
-0.000509143
-0.00984611
0.0128821
-0.00281345
0.000308224
0.0111898
-0.000956701
-0.00818335
0.0131086
0.00575666
-0.00153554
-0.0129815
-0.0242117
0.012715
0.00384476
0.0351084
-0.00105487
-0.00460955
0.0378986
-0.0276326
-0.0120845
-0.00326683
0.00621642
-0.00827766
-0.00763171
-0.0057228
0.00468948
0.00558554
-0.000546965
-0.00485728
0.00232171
-0.000593011
0.0128635
-0.027475
0.0188634
-0.00130684
0.00633367
-0.00191462
0.000235606
0.00845131
-0.000660691
0.00448432
0.00363465
0.00850367
-0.00688292
0.00579933
-0.056557
0.0241705
-0.0246775
0.00806711
-0.00156961
0.00608382
-0.0135183
-0.0079365
-0.01295
0.00622792
-0.015336
-0.00234896
-0.00422709
-0.0117125
-0.00758741
-0.00187455
0.0343862
-0.00671567
-0.00673595
0.00529927
-0.00403698
-0.0335544
0.0124149
0.00109876
0.850403
1.51509
1.64887
1.67666
1.79633
1.30922
1.45456
1.73203
1.21451
1.52674
0.4544
0.0206845
0.012139
-0.012531
-0.00566258
0.00422247
0.00735992
-0.00184366
-0.0418215
-0.00481379
-0.00385575
-0.0947505
-0.0221302
-0.0249873
0.000952861
-0.768863
0.0204861
-0.00488784
0.0385177
-0.00257303
-0.000413466
0.00231353
-0.187318
-0.016588
0.00911897
0.0287165
0.0195294
-0.00286196
-0.0057063
-0.108534
0.00490511
0.00499519
-0.00657945
0.0175919
-0.000777661
0.0124828
-0.00372456
-0.00203697
0.00236417
-0.00613152
0.00811709
-0.00266945
0.00298443
0.00220613
-0.00524372
-0.299312
1.16266
0.506349
-0.00544028
0.000344646
-0.00862093
-0.0246251
-0.00213134
0.0133725
0.00133724
-1.0907
-0.00365221
-0.00942892
-0.0021462
0.0024268
0.00596273
-0.00107671
0.138282
-3.10582e-05
0.00497416
0.00250786
-0.00277586
0.00107057
0.0013939
0.02905
0.00673098
-0.0135527
-0.0108734
0.0123788
0.00741755
0.0147954
0.00019494
0.0105661
-0.0345724
-0.00615022
-0.00139125
-0.0179604
0.00881872
-0.578812
-0.00335424
0.00323883
0.000352535
-0.00594737
-0.00223613
-0.00431693
0.00113503
-0.0127993
-0.00290088
0.00206353
-1.23667
-0.852189
0.0193244
-0.0126748
0.00727497
-0.0310728
-5.04176e-05
-0.0251248
-0.0013133
0.00354387
-0.0432599
0.0103449
0.0146336
-0.00180486
0.00463437
0.0109267
-0.0265803
-0.00874793
-0.00193087
-0.0290561
-0.0328341
0.0122814
1.42976
1.23587
1.25928
1.40237
1.21328
1.53228
1.03346
1.71331
1.24124
1.67225
1.09579
0.674346
0.0285061
0.0443325
-0.0198602
0.0122285
0.0164775
-0.0692276
0.0118541
0.159651
-0.00972678
-0.00156304
0.0149036
-0.00750398
0.017109
0.0295326
0.0215448
0.00836431
0.0366167
0.00970373
0.0275892
0.040666
-0.00795022
0.00366542
-0.0110421
0.00346289
0.0222798
-0.0126051
0.00719812
0.0039653
0.000417552
0.00520846
-0.0109757
0.0181235
0.0350465
-0.0073781
-0.00403363
0.0370011
-0.00640378
-0.00524367
0.000891547
-0.00660304
-0.00153587
-0.000698166
0.0114374
-0.00649567
-0.0213084
-0.00156839
0.00777181
-0.0235074
0.0344794
-0.00921903
-0.00645494
0.00931704
0.055527
-0.169035
0.0108784
0.0274892
0.0354875
0.0421607
0.00571528
0.0454559
0.0160963
-0.0087455
0.0270067
-0.02088
0.00619229
-0.0193456
0.00944207
-0.0135246
0.0110183
0.00830496
0.00119929
0.022605
-0.0187971
0.00360344
0.0203214
0.000125094
0.0212805
-0.00263793
0.00412451
0.0731383
-0.00358545
0.0132581
-0.00292123
0.00349297
-0.00577135
0.0186977
-0.00185678
0.000736921
0.00947072
0.00639802
0.00153794
0.00038124
0.00276288
0.0160954
-0.00226599
0.00457657
-0.0102497
0.0235545
-0.0160033
-0.0601455
0.0233105
0.00793297
0.0434585
-0.0140867
0.00555818
0.00922564
-0.0136309
0.0468075
0.0173368
-0.0689471
0.0200297
0.00493248
-0.00643221
-0.00962489
-0.0316884
0.00813564
-0.0028711
-0.00808764
-0.0120147
-0.0182441
-0.00317246
0.0025919
0.00538923
0.0109769
-0.0232799
0.0115132
-0.0119091
-0.00230992
0.0345563
0.099803
0.805692
1.4362
1.95358
1.08446
1.10368
0.996074
1.20964
1.10399
1.14497
1.305
1.18639
0.779668
1.3081
0.0150338
-0.012189
-0.0239637
-0.0244054
-0.0179321
-0.141146
0.00929498
-0.0191596
0.133827
0.0173999
-0.000830073
0.0272284
0.0315393
0.031653
-0.00209619
0.0191496
0.0117955
-0.00361615
0.0252242
0.00994539
-0.0587109
0.270008
-0.000970496
-0.0217489
-0.00333556
-0.00236663
-0.00145994
0.0233488
-0.00601761
0.0191285
0.0282448
0.00641248
-0.00427274
0.028866
0.00816298
-0.00642463
0.00344392
0.00351867
-6.5258e-05
0.0226049
0.00036208
-0.00502764
-0.025285
-0.00238514
0.00408665
0.00100403
0.0323225
-0.0164958
-0.01355
-0.0034862
-0.00791399
-0.170424
0.0262573
-0.113457
-0.00129089
-0.00605048
-0.0038633
-0.00294835
-0.0253988
0.0227302
-0.00685546
-0.0101972
0.0171457
0.0107458
0.00529178
-0.00254054
-0.00368996
-9.34343e-05
-0.00666081
0.0311489
0.00173212
0.016769
0.011263
0.00797654
0.00208761
-0.0227594
0.00034719
-0.00160548
-0.0212827
-0.000541933
0.00470196
0.00975335
-0.0232354
0.00842824
-0.143017
-0.00544105
0.044548
0.00237034
0.00755524
0.0216136
0.00294029
0.0165788
0.0067398
0.0222094
-0.0200168
-0.0275867
0.0352496
-0.00755246
-0.0552404
-0.0118847
-0.024641
-0.00654767
-0.00497352
0.0123158
-0.00524339
-0.0103849
0.0013892
-0.404734
0.00401926
-0.00647559
-0.00699735
-0.00878544
-0.0124928
0.000936364
-0.0438795
0.00546554
0.0289052
0.0148994
-0.258472
0.00155177
0.0522771
0.0561131
-0.00430836
0.0325758
0.0355544
-0.00746226
0.015011
0.0240052
0.000503133
-0.00911576
0.0293203
0.00215028
-0.0128549
0.00173198
-0.00739737
-0.00925012
0.00401348
0.00143056
-0.00329328
0.00943038
0.0121542
-0.0010247
0.0133268
0.011105
-0.0227
0.0585228
-0.203679
-0.806745
-1.60734
-0.854402
-1.36142
-1.11799
-1.28737
-1.31858
-1.09949
-1.31707
-1.05822
-1.51585
-0.838943
-0.273402
0.040455
-0.0454086
0.0231798
-0.024683
-0.00574119
-0.0174822
0.0306582
-0.012836
0.00746121
-0.00762625
-0.0691393
0.020427
-0.0651727
0.123075
0.016198
-0.00767393
-0.0296988
-0.0143286
-0.0190437
-0.00561315
-0.00760232
-0.0120946
-0.0056895
0.00778938
-0.0540819
0.00222029
-0.0462752
-0.0219557
-0.031484
0.0331007
0.0045748
-0.0096736
-0.153179
0.00853303
-0.00416318
-0.0321499
0.0113868
-0.0738882
0.00202438
-0.00118573
-0.00407637
0.0130932
-0.00517126
0.00552533
-0.00658685
-0.0163199
0.019838
-0.00531054
-0.00529549
0.00716654
0.0201311
-0.00672363
0.0181887
-0.00543134
-0.0073535
0.0220854
-0.00986649
0.00106444
-0.0167901
0.011913
-0.00216472
0.00116406
0.000692288
0.0120148
0.00552088
-0.00643047
0.0213566
-0.00932111
0.000861245
-0.00656756
0.00334149
-0.00266485
-0.0191119
-0.00109121
0.0304202
0.017513
0.0178874
0.0328179
0.00414457
-0.0120509
0.00565823
-0.0263237
0.0511789
-0.00372368
-0.0109925
-0.00129534
-0.0083695
-0.0498381
0.00149796
0.011912
-0.00823595
-0.00349373
-0.00400074
0.00511094
-0.0444728
-0.0176656
-0.00300763
-0.0255016
0.00912659
-0.0170216
-0.0438817
0.00904067
-0.0481836
-0.0103546
0.0065054
-0.00390142
0.0133396
0.00166413
-0.00746317
-0.00674798
-0.0331896
0.00210623
0.00093746
0.0444594
0.00120921
-0.00983874
-0.00341911
0.0154892
0.00530083
-0.00494481
-0.00590058
-0.0174016
-0.00842555
0.0118896
-0.00770502
-0.00520153
-0.0229404
0.00549464
0.00234891
-0.0106591
0.00452533
-0.0101773
-0.0106802
-0.0441921
0.0131878
-0.00734201
0.0374151
-0.00885421
0.0105994
-0.00573065
-0.00897938
-0.00954224
0.0126151
0.010712
3.28687e-05
-0.00944874
-0.00136414
-0.00917271
-0.0160874
-0.00707849
-0.686922
-1.36562
-1.04572
-0.875235
-1.38797
-1.13907
-1.20369
-1.43348
-1.0918
-1.41844
-1.00413
-1.50434
-1.08301
-0.89784
-0.0232755
-0.0196044
0.0532995
-0.0938111
0.00379552
-0.00296729
-0.00117902
0.0110745
0.074441
-0.129038
0.0816023
0.0845944
-0.0132273
0.0402986
-0.0067573
-0.0107946
-0.00149734
-0.0116603
0.022061
-0.0383238
-0.0514015
0.00162421
-0.0355132
-0.0593715
-0.00327418
0.0013388
-0.0231806
0.0226649
-0.00601037
-0.0166791
-0.0160117
-0.557276
0.000251068
-0.0046265
-0.00772943
0.0516389
-0.00615174
0.0194229
-0.00164122
-0.00683609
0.00434411
-0.000771976
0.0426913
0.0403448
-0.0130868
0.0945929
0.00421361
-0.65791
0.0240408
0.0154254
0.00444853
0.00601255
-0.00746649
0.0120685
0.00196388
0.00108122
-0.184207
-0.114883
-0.724875
0.803953
0.00103598
0.00199994
0.00696579
0.579947
-0.00959997
-0.0774374
0.0189296
0.0326183
-0.00167062
0.0277249
-0.251426
-0.00186678
0.00679439
0.0161394
0.00984731
-0.630236
0.401338
-0.00685912
-0.00388058
-0.00128697
-0.00172494
-0.0156017
0.00268727
0.17926
-0.00787504
0.0240037
-0.260802
0.0355698
0.00399854
0.00623921
-0.000618789
-0.00230815
0.787379
-0.0124282
0.00839124
-0.0222424
-0.0352699
-0.000324161
0.00518782
-0.00722926
0.0147864
-0.0121881
-0.0356503
0.264348
0.0459228
0.000566969
0.00532934
0.295744
0.00652964
0.026124
0.00337213
0.000251682
0.00590964
-0.00632898
-0.0108093
0.00152885
-0.0109121
0.00336197
0.000190108
0.000986637
-0.00046502
-0.00616987
-0.00938569
0.0545931
-0.000516196
0.0220725
-0.00653874
-0.00169153
-7.06968e-05
0.00434262
-0.0143167
-0.000526082
-0.0756016
0.0226625
-0.00170695
0.00268644
-0.0045017
-0.0102525
0.00649226
-0.0114431
0.00357295
-0.00691895
-0.00793713
-0.00260355
-0.000971443
0.0336487
-0.00206823
-0.000338788
-0.0101037
0.000251155
-0.00203613
0.00283546
-0.0718852
-1.39791
-0.756996
-1.15538
-1.08122
-1.21593
-0.532798
-0.830692
-1.40145
-1.17639
-0.798094
-1.19264
-1.03597
-1.43199
-1.09222
-0.514752
-0.000589067
-0.00138868
0.0209914
0.020711
0.0409631
-0.000600181
0.0245908
-0.145369
0.00133455
0.00483292
-0.0418022
0.0327654
-0.0807992
0.00927333
0.0237225
-0.00966805
-0.00297012
0.00507578
0.00881957
-0.0250356
0.0475393
0.00025531
-0.00285156
-0.00427185
0.00449779
-0.0108025
-0.011744
0.00393741
0.0234245
-0.013568
0.00553276
0.00271196
-0.000433527
0.00261443
-0.00334854
-0.00372924
-0.0267273
0.00859
-0.0223782
-0.0110719
-0.00265275
0.0407939
-0.0126128
0.000955638
-0.00440731
0.378972
-0.129579
-0.00314496
0.00657744
-0.000251067
0.0140479
-0.115591
-0.00319448
0.00181622
-0.288556
-0.00215373
0.0074836
0.107002
0.0136904
0.0128355
-0.0118691
0.00395278
-0.00127434
0.00660922
0.00410281
-0.00871081
-0.0160948
-0.177065
0.0178252
-0.00200368
-0.00407091
0.00965941
0.0380743
-0.075686
-0.00490011
-0.0277368
-0.0158665
-0.0024311
0.00196528
-0.0628516
-0.0224619
-0.00502035
0.00465591
-0.00946157
0.000355437
-0.0858889
0.0126784
-0.0202163
-0.00284279
0.0128801
0.000107426
0.00360061
-0.516986
0.00832576
-0.00274866
-0.0129952
0.0111918
0.013314
-0.0477903
-0.000536788
0.0978002
0.0172799
-0.0116792
0.0206421
0.00866211
-0.00195569
-0.000797354
0.00188046
-0.00311665
-0.0142605
0.033585
-0.0012186
0.0126745
-0.00731446
-0.00132697
0.00324215
0.0104684
0.0135067
0.010245
-0.0104145
0.0133178
0.00246913
-0.0326406
-0.0376383
0.0290203
0.0230222
0.127526
0.0968049
-0.00689603
-0.00673482
-0.00401386
0.0659266
-0.0116269
-0.0217549
-0.00504721
-0.14224
0.00240387
0.00376664
0.00930304
-0.0209337
0.000803524
-0.0316007
0.271962
0.00660603
0.00935644
0.00930695
-0.0145607
0.0125492
-0.00816013
-0.0155126
-0.00402865
0.00969623
-0.0174251
0.0312324
-0.00193601
-0.000935038
-0.571535
-0.405444
-1.93145
-0.852859
-1.45597
-1.30886
-0.771812
-1.49699
-1.0508
-0.644167
-1.27224
-1.3124
-0.876287
-1.35666
-0.404239
0.00925276
-0.0309736
0.0501324
-0.223105
0.0222126
0.00585114
-0.00447744
0.0250246
0.00100505
-0.00338454
0.234046
0.0179355
-0.0172541
0.0151903
-0.0708073
-0.120453
-0.00363174
-0.159631
0.00640743
0.0263003
-0.0459773
0.0939401
-0.071421
0.000697631
0.00110549
-0.00409349
-0.0245762
-0.0105331
0.0103265
0.0186225
0.00767407
0.00873628
-0.00293967
-0.0027224
-0.00184313
-0.0848791
-0.125827
0.313712
-0.0369633
-0.190379
0.0290654
0.00301814
-0.0132592
0.0478662
0.00414765
-0.054719
-0.00648379
0.00241708
0.024357
0.0107444
0.00322242
-0.048305
-0.0907861
0.0594329
0.0134134
0.00420478
-0.0487273
0.0145143
0.0572775
-0.00547525
0.00591428
-0.00328046
0.00274385
-0.00318014
0.00584435
-0.00910962
0.00013925
0.0458761
0.0122166
-0.00011578
0.00481671
0.0100317
0.0153458
0.0087448
0.00581744
0.00342632
0.00898631
-0.00875334
-0.00216571
0.0337817
-0.0290151
-0.0123184
0.0141133
0.0001063
-0.00415835
-0.0542026
0.000608302
0.0205699
-0.0158728
-0.0263026
0.00225793
-0.00825544
0.0027496
0.00354523
-0.00210946
-0.0228858
0.182071
-0.000271508
-0.0174478
0.00919704
0.181694
-0.000468421
-0.00364467
2.45957e-05
0.0300547
0.004839
0.160199
-0.0123046
0.0333484
-0.0200801
0.0646572
-0.000244361
-0.495831
0.114919
-0.00602099
0.0541709
0.0141397
0.00557961
-0.0521787
-0.00520457
-0.00422384
0.028675
-0.00547302
-0.0499936
-0.00166528
-0.000444322
-0.00848505
-0.0065529
-0.0112759
-0.0721858
0.0455155
-0.057447
-0.0336154
0.000999449
-0.000139831
0.00484561
0.0293475
-0.00440638
-0.0867377
-0.0352293
0.0109844
-0.0225551
-0.0156997
0.00595343
-0.0173801
-0.00978966
-0.134799
-0.0134977
-0.00340149
0.0159734
0.00525791
0.00894718
0.00523689
-0.0784384
-0.303472
0.818202
1.47784
1.0019
1.23244
0.879087
1.2529
1.16279
1.20748
1.24369
1.00134
1.16572
0.422173
0.856119
-0.0183423
-0.0073639
0.0206075
0.00727719
0.0498337
-0.00729033
0.0721335
-0.00641498
-0.00476072
0.0449122
-0.000395042
-0.0210801
-0.0381681
0.0917415
-0.0520416
0.0073364
0.0166771
-0.0116107
-0.00208588
0.00870313
-0.0066019
-0.386939
-0.0175911
0.0254215
-0.220027
0.00794653
0.0123843
-0.00264678
-0.168558
-0.00240048
-0.00932151
0.00232389
-0.00463451
-0.00944995
-0.0085188
0.0127529
0.125103
0.481118
-0.0147854
0.132819
-0.0245313
0.0483505
-0.00521648
0.0586155
0.0814408
0.0739855
0.0885846
0.00838691
0.0173472
-0.668002
0.0115322
-0.0947888
0.00508
0.0335475
-0.0144895
-0.00168117
-0.00607524
-0.025493
-0.0237751
0.000908134
0.01325
0.00860885
-0.00129419
-0.0418831
0.00252621
0.148962
-0.00352225
-0.00757407
0.0538093
0.0110681
-0.00691169
0.014527
0.00366201
0.0013081
-0.0294419
-0.00859284
0.000143467
0.00901464
0.0947853
-0.0196416
-0.006964
-0.000110507
0.0108992
-0.220598
-0.00181748
0.00113239
-0.0151811
0.00107918
0.0115545
0.0125111
-0.0121588
-0.0177344
0.0589422
-0.00269797
0.00442758
-0.139821
-0.0168681
-0.0119817
0.00961964
-0.0667646
0.00094328
0.0500858
0.113173
-0.0826767
-0.00375739
0.0218244
-0.00466056
-0.0331475
0.00852292
0.00423873
-0.00534041
-0.0167363
-0.0141549
0.0114674
0.00417946
-0.0362817
-0.0169773
0.00767235
0.00267319
0.0430699
-0.214842
0.145717
0.00164358
-0.000681446
-0.00463282
0.0421902
0.00632852
0.0782443
0.000632071
-0.00307281
0.0238731
-0.0356693
0.025296
0.00476987
-0.0736871
-0.000942908
-0.0636412
0.0032462
0.0271619
-0.00225941
-0.0314437
0.0281166
-0.00474824
-0.0184687
-0.0345572
-0.0108848
0.00589283
0.0077811
-0.000239413
-0.0209233
0.0613913
0.0112945
0.00109607
0.11094
0.677874
1.2399
0.703556
1.71129
0.976253
1.3583
0.973689
1.30864
0.744805
0.754447
1.09207
1.36237
0.753585
1.18542
0.273489
0.00845879
-0.0285263
0.00812463
0.0116885
0.00368206
0.0126611
-0.00497795
0.0166659
-0.0172458
0.00661762
-0.00131535
0.011421
-0.0405445
-0.0038159
0.0132365
0.00719545
0.00252566
-0.0111999
0.00363076
0.000571544
-0.00342694
0.00238284
0.0168595
0.23875
0.00476142
0.0018652
-0.0202367
-0.018399
0.0102939
-0.00789144
0.0186729
0.0077116
-0.0088884
-0.00172853
0.0252284
0.0231523
0.0175243
0.0036622
-0.0146251
0.00626494
0.00537793
-0.00156416
-0.00256938
-0.0135367
0.00709646
-0.00349897
-3.50029e-05
-0.0321191
0.00309999
-0.00561883
0.00629965
0.00409545
-0.0237903
-0.000542128
-0.00161359
-0.044477
0.0136309
-0.00748697
0.0112585
0.00134886
-0.0343753
0.0527548
0.00439263
-0.00886852
-0.00399553
-0.060723
0.0256211
-0.00345857
-0.0121247
0.0136598
-0.00268203
-0.00660769
-0.000220943
-0.168312
-0.0086496
-0.00254849
0.0200496
-0.00658274
0.00774635
-0.0442579
0.00441629
0.0346262
-0.0158718
0.0113963
0.0313121
-0.00295828
0.0050739
-0.00694714
0.00814913
-0.0226431
0.00184271
-0.010112
-0.673776
0.0796713
0.00481145
-0.00616428
-0.00145602
0.0459294
-0.00489246
0.0316487
0.000816907
0.0265623
0.00716264
-0.510157
-0.214241
0.00539515
-0.0262612
0.00643333
-0.0052094
-0.0133624
0.00550112
0.00879782
-0.00565485
0.00436106
-0.0148268
0.0022233
-0.0821263
0.00510656
0.0237372
0.0174429
0.0240274
-0.00666397
0.00463595
0.0140035
0.0173237
-0.00803889
0.140629
0.00361571
-0.057209
1.52643
0.00304519
0.0302412
0.375421
-0.0272574
-0.0100278
0.00134402
0.000768857
-0.00571533
-0.000312547
-0.00130536
0.00781948
-0.000800678
-0.00393498
-0.00383234
-0.00428917
-0.00123002
-0.0152023
0.00280225
-0.00644699
0.000448521
-1.0977
-0.00687269
-0.225538
0.0620165
0.445927
1.6175
1.14554
1.2848
0.441232
1.2565
1.30009
1.40798
1.00494
1.09353
1.20413
0.7961
1.0955
1.32793
0.238939
0.0568303
-0.072645
0.061408
0.0107365
0.0244684
-0.0133784
0.0392431
0.0132595
-0.0198215
-0.00333105
0.0156519
-0.0251631
0.0203161
-0.012041
0.0248379
0.0414312
0.00360424
0.00894009
0.00189944
-0.0265058
0.0291838
0.028839
-0.00243886
0.0179203
0.00094861
-0.00713823
1.34728e-05
0.000210505
0.00761523
0.131325
0.00570532
0.00641738
0.00901206
0.0067733
-0.0118752
-0.0357038
0.0524375
-0.0133168
0.0149103
0.00184445
-0.0277614
0.00136821
0.039551
0.0253892
0.00712808
0.0103829
0.0271143
0.00690493
-0.00478948
-0.00508642
0.0128108
0.0101328
0.0096556
-0.0364842
-0.0185673
-0.0124925
0.0369335
0.0128898
0.00952029
-0.00953872
0.0113764
0.0617714
-0.0194733
-0.000865113
-0.00897718
-0.0332906
-0.25519
0.11458
0.0199656
-0.00472899
0.00632826
0.0399365
0.00747155
0.0205879
0.0343138
-0.00019951
0.0141055
-0.0137759
-0.00250099
0.0086426
-0.00204234
0.0363588
-0.0161327
-0.058573
0.017555
-0.00862924
-0.0298638
0.0107611
-0.00589767
-0.00571239
-0.00630077
-0.0526806
0.00924484
0.00211348
-0.00190412
-0.00499248
0.0123478
-0.0147366
-0.0374356
-0.0048749
-0.0185304
-0.0110547
-0.0221709
-0.006202
-0.00805722
-0.00941585
-0.00314782
0.0147312
-0.0130076
-0.00766095
0.0145854
-0.0296993
-0.0099013
-0.000843965
-0.00940066
-0.0319096
-0.00841632
0.0194784
-0.00767924
-0.0532121
-0.00320028
0.0023512
0.000878154
-0.00794349
0.00327829
-0.0067507
0.0640349
-0.0303033
-0.0130583
-0.0156306
0.0013432
-0.000606005
-0.0158233
0.0177599
0.00822962
-0.231233
-0.0567698
0.0157861
-0.00397996
0.0591828
-0.000804861
0.0204707
0.010208
0.0402378
-0.0373529
-0.0419785
0.00335913
-0.00458322
-0.0118681
-0.00597067
0.0127147
-0.0368488
0.30625
0.463563
1.40933
1.26127
1.32716
1.14227
0.613583
1.27265
1.19299
1.38237
1.1657
0.581207
1.27344
1.10781
1.22022
1.0355
-0.0160886
0.0433766
-0.0196818
0.0238248
-0.00768323
-0.0612847
-0.280165
-0.000168009
0.0148721
-0.0138995
-0.000450929
-0.0365022
0.00439785
0.0188417
-0.00501959
-0.00146939
0.0251327
0.0030925
-0.0312988
0.0163257
0.00196841
-0.0156789
-0.00479242
0.0664271
-0.0244993
0.010484
0.00264861
-0.00329466
0.00935415
0.00482916
0.013964
0.0119129
0.0231707
-0.00489217
0.0235803
-0.0586415
0.00454602
0.0250134
-0.00330202
0.0051691
0.00259227
0.00421281
-0.00758762
0.00497538
-0.000797056
-0.00525317
-0.00168711
0.0140974
-0.022126
-0.0159948
5.89171e-05
0.0357341
-0.00707516
0.00947367
0.00702688
0.013059
0.00256908
-0.0031949
0.0198081
0.00580941
0.0153576
0.00715708
-0.341881
-0.036112
0.0912175
0.0188571
0.0625236
-0.0111511
0.0284031
0.00703259
-0.0317366
-0.00111398
0.0635243
0.0120886
-0.00899106
0.0138896
-0.0262964
-0.00384571
-0.00215766
0.00804772
-0.0224503
0.0319872
-0.00508177
-0.0119474
0.00255905
-0.0188741
0.00449721
0.00649722
0.0189694
-0.0104402
0.000100894
-0.017295
0.0146816
0.0011234
0.00884557
0.00471886
-0.0842919
0.00388521
-0.0289367
-0.00915445
0.0037624
0.0277713
-0.00787615
-0.0376214
-0.00336345
0.00965286
0.00352607
0.00395807
0.00633681
0.0231976
-0.00280535
0.00700986
0.00318943
-0.00737926
-0.0178812
-0.00553309
0.00971432
0.0336058
0.0030864
-0.0494953
0.0140505
0.00657721
0.0209201
-0.0184045
0.0423639
-0.00444138
-0.00249082
0.00605129
0.038201
0.00610137
0.001628
0.0712862
-0.00929766
0.000111796
-0.00807614
0.00146926
-0.00224023
-0.00148839
0.0111485
0.267621
-0.00923133
-0.0294034
-0.00292174
-0.0241495
0.0542168
0.00995823
-0.00804432
-0.0448876
-0.0178236
-0.00547151
-0.00879697
-0.00265671
-0.0468282
0.358801
-0.369502
-0.84988
-0.933176
-1.36681
-0.987019
-1.84599
-0.426243
-1.31918
-1.01948
-1.7788
-0.699093
-1.3646
-0.936529
-0.0259547
0.0556634
-0.0347167
-0.0224382
-0.0117124
-0.0818038
0.00260484
0.0261806
-0.000269046
-0.00249565
0.0209509
-0.0215302
0.00736246
-0.0104065
0.0256462
0.0220684
-0.084579
0.0085404
0.00780116
0.00508349
0.0164614
-0.0475667
0.0395546
-0.00240965
-0.0108466
-0.012554
-0.0242996
-0.0154812
0.0147275
0.0179724
-0.00725934
-0.0114259
-0.0486057
0.0255263
0.0689633
0.00521049
0.0470259
0.0269479
-0.0213648
0.0233261
-0.00891279
0.0235681
0.0333561
-0.00244713
-0.0100979
-0.202258
0.212642
0.0734741
0.00682185
0.00866675
0.0605794
0.021885
-0.0140269
0.0246645
-0.00417107
-0.00599505
-3.15107e-05
0.0113567
-0.0339285
-0.016457
0.00521333
-0.00277085
-0.00572589
-0.0705344
0.00345753
0.0104414
0.0190888
0.013864
-0.0156869
0.0146455
0.00555825
-0.0363484
-0.00752637
0.0444117
-0.00984533
0.00498115
0.0123483
0.0356263
-0.0181046
0.01466
-0.0118559
0.0227074
-0.0271999
-0.194958
0.0143232
-0.0126559
-0.00356506
0.00819147
-0.00306342
-0.00941905
0.00608464
-0.00912171
0.0034445
0.00728913
0.00280763
0.00910917
0.00120248
-0.00278487
-0.016467
-0.037286
0.00426769
0.00567718
-0.00578507
-0.0152805
-0.0245125
9.06492e-05
-0.00833214
0.0603167
0.00682016
-0.00554496
0.0231091
0.0121435
0.00887623
-0.00484068
-0.00677202
0.0024208
-0.00226794
0.02175
-0.0124112
-0.00305842
0.00431582
0.00511403
-0.0451024
-0.0160697
0.00615093
0.00783885
0.0267587
-0.0223867
0.00303319
0.00120438
-0.0137739
-0.0170874
0.0328806
0.012214
-0.00542565
0.00379762
0.00631192
0.00998852
-0.0183742
0.00669207
-0.016379
-0.122755
-0.0455557
0.00939608
-0.0184085
-0.0132516
0.0453586
-0.0117386
0.000102081
0.000873022
-0.0105619
-0.0265845
-0.0083558
-0.0260806
-1.09264
-1.46997
-0.714798
-0.983483
-1.49789
-1.23169
-1.35189
-1.12563
-0.826803
-0.425889
-1.54314
-1.12743
-1.27364
-0.423161
-1.38307
0.162867
0.00108699
-0.0264234
0.0439551
-0.0445591
0.0191726
0.0216346
-0.0347217
-0.694933
0.0353681
-0.0122356
-0.00192161
0.0117974
-0.0318593
0.00248597
0.00998991
0.0443593
0.00137631
0.0902796
-0.0135656
0.0107253
-0.0161044
-0.00302174
0.103376
0.742032
-0.00718516
0.00061321
-0.00201847
-0.0116602
0.0147735
-0.0213164
0.00493362
0.171298
0.0958466
-0.00130368
0.0290408
0.018863
0.00528622
-0.0123028
-0.00265217
-0.0295598
0.00250831
-0.0839796
0.0404706
0.00077302
-0.00817472
0.000174859
0.00882694
0.0150258
0.00237705
0.00468596
0.00393342
-0.00260591
-0.694149
0.00551866
0.00898711
0.00319364
1.08801
0.000455084
-0.00217447
0.0628189
0.00495664
0.0208542
-0.0145759
-0.819695
-0.00459377
-0.0129092
-0.016361
0.00427793
0.0148173
-0.00289045
0.0261254
-0.0161627
-0.00149962
0.00465288
0.291991
-0.00314291
-0.000192486
-0.281504
-0.000610381
0.00246817
0.00839726
0.00658106
-0.00577187
-0.00116957
-0.132103
-0.0226077
0.00115655
-0.542899
-0.00544566
-0.00993539
1.46782
-0.000639638
-0.0302549
0.101876
-0.000500351
0.00512088
0.0192105
0.0499357
-0.00556045
0.0078762
0.00392499
0.0151419
0.00872863
-0.00157134
-0.0086633
-1.10595
-0.000977989
-0.00612535
-0.00622594
-0.00525095
-0.00582567
0.000812889
0.40239
-0.002509
0.0596864
-0.00498186
0.018127
0.00257576
-0.000108053
-0.00514615
-0.0166462
0.0298551
-0.0184612
-0.0116792
-0.00914816
-0.000631203
-0.00547648
0.00321923
0.00497775
0.0101146
-0.0157496
0.00380269
-0.0246974
-0.00362184
0.00621161
0.00171823
0.00268187
0.0160596
0.00485799
-0.00212131
1.04089
0.01769
-0.00232391
-0.0172784
-0.3975
-2.19223
-0.0149632
0.00517576
-0.000801972
0.00389539
-0.0140609
-0.00134791
0.000441262
0.0767545
-0.00155348
0.0208405
0.545257
-0.0367076
-0.982378
-1.39501
-1.30349
-0.746844
-0.257771
-1.08532
-1.16375
-1.23077
-1.25658
-0.793438
-1.35853
-0.33781
-1.26844
-1.2297
-0.831194
0.1819
0.0320821
0.00736586
0.0032938
0.0346815
-0.0109812
0.00935981
-0.0139477
0.0814953
-0.00411484
0.0111877
-0.0002783
-0.011342
-0.00383048
-0.00783803
0.0184579
0.00258363
0.00326132
-0.0185883
-0.021238
-0.00581059
0.0330079
0.0318463
0.0107548
-0.57419
-0.00688265
-0.0307653
0.000486174
0.030307
-0.00452355
0.027198
-0.0230092
0.028014
-0.00083557
0.00662465
-0.00013475
-0.00346014
0.569067
0.00769963
-0.00492091
0.00917354
0.015328
-0.0095087
0.00196224
0.0158334
0.0130214
0.0913047
0.0199125
-0.0373393
-0.0886927
-0.00208887
-0.00396321
-0.0181884
0.00465357
-0.00578983
0.00382896
0.0281394
0.00222614
-0.000228126
0.0189385
-0.0163625
0.0268263
-0.00151035
-0.027211
0.0105886
-0.00319021
0.00270007
-0.00244464
-0.0245347
-0.123963
-1.93124e-05
-0.00261202
-0.0576278
-0.174044
0.00204002
0.0171743
0.00106895
-0.0140121
-0.00238642
0.00342977
0.287787
-0.0038456
-0.0553852
0.0146002
0.0131141
-0.000680819
0.0630668
-0.213994
0.000808799
0.020839
0.116856
0.0187145
0.00514735
-0.312656
0.00289255
0.00511908
0.00511247
-0.0105687
-0.324115
0.00792039
0.0140449
0.413264
-0.0312196
0.00629017
0.0297492
-0.0048341
0.00262976
-0.0133403
-0.0024615
0.0177407
0.01925
-0.00294951
-0.00666916
0.00237177
0.00116572
-0.00111187
0.0118722
-0.0232318
0.0124975
-0.00640267
0.0468662
-0.0162921
4.58572e-05
-0.0330906
0.00529092
-0.00205913
-0.0134176
0.0168899
-0.0114835
-0.000403644
0.0158372
-0.0148805
-0.0306558
-0.00203273
0.000468966
-0.0364492
0.00594265
-0.012377
-0.00256997
-0.0387834
0.000173513
-0.00431685
0.00673153
-0.0795193
-0.00243005
-0.0212714
0.00623851
0.00437697
0.00342307
0.112978
0.024616
-0.288477
-0.82987
-1.42342
-0.821799
-0.750982
-1.0662
-1.25207
-1.10236
-1.46502
-1.09797
-1.4543
-0.864022
-1.58842
-1.47675
-0.206666
-0.0094477
-0.377296
-0.0274708
0.0458591
0.0270277
-0.00117498
0.190388
-0.024814
0.340176
0.517721
0.000999356
-0.575482
-0.00696515
0.00564685
-0.00254774
0.0122572
0.173944
-0.0141624
0.0462449
0.0176686
-0.000519855
0.00119773
-0.00933707
-0.0365328
0.00476689
0.0129757
-0.057132
0.07482
-0.00535439
0.00681894
0.00310502
-0.00343957
-0.00104428
0.088747
0.0152397
0.00370015
0.0185872
0.110379
-0.000366888
0.0155995
0.00278034
-0.00596295
0.00159489
0.00669898
0.0269959
-0.00793147
0.00122037
-0.00835769
-0.0242359
-0.00454391
-0.0262372
-0.0206243
-0.00198685
0.0049024
0.00686936
-0.00410622
0.00856961
0.00240607
-0.0335972
0.0202224
0.00391924
-0.00296838
0.008562
0.00601233
0.00790713
-0.111325
0.0097761
-0.00708119
-0.0243642
-0.0636631
-0.00627605
-0.0154389
0.000899548
-0.000979507
-0.00557511
-0.0373202
-0.00682947
-0.00255383
-0.00269022
-0.0137752
-0.00136076
0.0228907
-1.94461e-06
-0.00582427
-0.014864
0.0250549
0.031954
-0.0704096
-0.00218998
-0.00524916
0.122964
0.127786
0.0129884
0.0245677
-0.00741321
-0.00654645
-0.00443505
-0.0736138
-0.106086
-0.002283
0.0168377
0.0185904
-0.000663418
-0.0307687
0.000575054
-0.00285336
-0.00226436
-0.00761709
-0.00674024
-0.0410589
-0.00999559
0.00770108
0.00487665
0.0492645
0.0156479
-0.0311716
0.0423363
0.00393748
0.00279367
-0.00136675
0.0021008
0.00323618
0.00458923
0.0064685
0.0022392
