-0.0112728
0.00957785
0.00335113
0.00745467
0.0148774
0.0110099
-0.0153723
-0.0243127
-0.0730365
-0.00344363
0.00228577
-0.00306638
0.305975
0.0102195
0.00300709
0.0242391
-0.00587054
0.173514
0.00371687
-0.00669202
0.00511394
0.0551339
0.0321898
0.00210992
-0.010686
0.000811808
0.00137966
-0.00943734
-0.0665547
0.00619082
-0.0109604
0.00250691
0.00926828
-0.0105677
0.0019378
0.0292647
0.00174471
-0.00623552
0.217028
-0.0280386
-0.000972751
0.0283807
-0.0184997
0.0232632
0.00960032
-0.000458613
0.0104568
-0.0242055
0.0134973
0.0158952
0.0165072
-0.0152805
-0.0163449
-0.00324106
0.00286346
-0.0308352
-0.00709645
-0.00210044
0.0270922
-0.00874542
0.0185537
-0.0012823
-0.00191992
-0.00877744
-0.0493819
-0.0231364
0.00766836
-0.000271895
-0.0261559
0.124632
0.00254429
0.0040854
0.256583
0.00325484
-0.000747696
0.0549319
0.00649793
-0.0360006
-0.160747
-0.0137744
0.0246063
0.00684703
0.00515691
0.0693518
0.00892236
0.00198466
-0.0225483
-0.0844268
0.00516862
0.00705154
0.00361324
0.0104429
0.0193838
0.122005
0.0149307
0.150429
-0.000997321
0.0441333
-0.00412217
0.0287736
0.0642059
0.00613984
-0.00491137
0.0128177
-0.00897961
0.0335596
-0.00733959
-0.00895144
0.00521623
-0.00625395
-0.00211006
-0.0225636
-0.00511376
0.00167404
-0.00915686
0.0046867
-0.00216883
0.176957
-0.0515201
0.00525302
-0.0157982
0.0330345
-0.0321277
-0.00106652
0.00222976
-0.196095
0.0611999
0.0151868
0.00396593
-0.0100539
-0.00696104
0.00295223
0.000514679
-0.0166484
-0.00102152
-0.000900008
0.0792734
-0.00240348
3.05416e-05
-0.00346458
-0.0115384
-0.00788376
0.00256225
-0.0048826
0.000530086
-0.00668551
-0.00172322
-0.0443135
0.0992401
-0.0294094
-0.00523039
-0.0229459
-0.0743508
-0.0205116
0.08672
0.107744
-0.0156857
0.00685661
-0.0324833
0.00513917
0.00229031
0.0289285
0.0121925
-0.00210212
-0.00189493
-0.164798
0.0107665
-0.00130945
-0.0231053
0.0321739
0.0139279
-0.0115513
-0.0339043
0.0131045
-0.0226161
-0.0202237
0.0134417
0.0249929
-0.00311394
-0.00516044
0.00070652
0.040665
-0.0123669
0.00248948
-0.000427756
-0.0150142
0.0204634
-0.0300681
-0.0256861
-0.0166674
-0.0117836
-0.00426963
-0.0786109
0.00813034
-0.00404
0.00653101
0.00783472
-0.00867034
-0.000188225
-0.00726712
0.00541884
-0.00353432
-0.00399164
-0.00286992
0.000369522
0.0114179
-0.00677466
0.0347146
-0.0228935
-0.0560953
0.010407
-0.00325348
-0.0177126
0.0611288
-0.00776598
0.0252699
-0.0190633
-0.0218554
-0.00682072
0.00195061
-0.0220713
0.0128968
0.00289905
0.00297594
0.0113237
-0.0453023
-0.00406252
-0.00344737
-0.00655414
-0.0178903
0.00634263
0.0061275
0.000568971
0.00390733
0.011487
0.00184936
-0.0593884
-0.00726603
0.00377275
0.00186197
-0.00456925
0.0327247
0.00375257
0.0464221
-0.0891237
0.0192877
-0.0100545
-0.00360257
-0.00451058
-0.0574344
-0.000581489
-0.0551547
-0.000961861
7.84289e-05
-0.0369116
-0.00188821
0.0279105
-0.0341112
0.045825
0.00739074
-0.00991543
0.00377847
0.0716675
-0.0296241
0.00285648
0.1236
-0.0143035
0.00267839
0.0234692
0.0216612
-0.0344277
0.0688825
0.00426857
-0.0423508
-0.0772781
-0.0082276
0.0389704
-0.0031059
-0.0213956
0.0125228
-0.015565
-0.0196991
0.0170497
0.0718606
2.84532
3.4555
1.92367
2.18701
2.3391
2.34576
1.51549
2.26926
1.20847
2.53661
1.86179
2.17265
2.27784
1.0424
2.27332
2.36161
2.49725
1.26895
2.33132
2.57209
2.47805
1.21254
2.02223
2.39347
2.22734
2.48395
2.23715
1.06586
0.678584
-2.96128
-3.09772
-2.31441
-1.97895
-2.82395
-2.66045
-1.43323
-2.03559
-2.58299
-2.57465
-1.39451
-2.19241
-2.82189
-2.35331
-2.33573
-0.978028
-2.30003
-2.22405
-2.39777
-1.06991
-2.50405
-2.47724
-2.2738
-1.97054
-2.49721
-2.50905
-2.62272
-0.889556
-2.34459
0.352488
4.80252
2.36872
1.94909
1.25088
2.29065
2.33343
1.88619
1.9204
2.43471
2.22209
1.40358
2.23506
2.17493
1.54442
2.36543
1.1906
2.54216
2.27497
2.41684
2.55454
2.40941
1.34722
2.42366
2.28694
2.21348
2.24322
2.16379
1.35408
-0.566899
-2.99563
-2.88138
-2.31441
-2.17478
-1.41418
-2.613
-2.3913
-2.24485
-2.63192
-2.58964
-2.61571
-2.38835
-2.51444
-2.02695
-2.44956
-0.785276
-2.31452
-2.08626
-2.46296
-2.4315
-1.38523
-2.03568
-2.3657
-1.67402
-2.56974
-2.53363
-2.42819
-1.02903
0.692349
2.9166
1.45587
2.11383
2.27956
2.18846
2.29969
2.29198
2.25073
1.11019
2.62731
1.93374
2.14916
1.03829
2.34732
2.0979
2.34144
1.07225
2.49855
2.24697
2.45879
2.44949
2.10251
1.0179
2.64866
2.37809
2.37791
1.04304
2.42062
1.30975
-0.53313
-1.18829
-3.18322
-1.89691
-2.42584
-1.23064
-2.81578
-2.35692
-2.5369
-2.01821
-1.09154
-2.79647
-2.29689
-2.56041
-2.38914
-2.12875
-1.09958
-2.40022
-2.10415
-2.41561
-2.12835
-1.2677
-2.44999
-2.66739
-2.34671
-2.31028
-2.72315
-2.1956
-2.2679
-1.66953
1.7001
3.02642
2.08963
1.57542
2.68399
1.21834
2.39196
1.88998
2.30412
2.42531
2.35802
2.03558
1.16791
2.06002
2.24423
2.44779
2.37511
1.1899
2.42866
2.06989
2.47082
2.54417
1.13811
2.02821
2.3307
2.25602
1.25598
2.43112
2.13079
0.198555
-3.18251
-2.5524
-2.322
-2.1495
-1.39781
-2.3308
-2.57539
-2.19946
-2.61178
-2.53004
-1.3334
-2.31935
-2.71341
-2.26141
-1.24821
-2.11583
-2.35226
-2.22676
-1.2527
-2.32926
-2.45603
-2.07129
-2.27962
-2.00656
-1.23829
-2.65772
-2.60051
-2.111
-2.26177
0.0879166
2.90367
2.73383
2.36627
1.94117
2.44463
2.10384
2.22797
1.2692
2.55872
2.27543
2.24418
0.969901
2.41193
1.8933
2.39112
1.14254
2.48864
2.34982
2.44074
2.25876
2.56348
0.956544
2.6876
2.13262
2.36073
2.23744
2.11159
1.95591
-0.774793
-3.20247
-2.41679
-2.30319
-2.17493
-1.39764
-2.34372
-2.64002
-2.25998
-1.34657
-2.45962
-2.55542
-2.48009
-2.70213
-2.09645
-2.48069
-1.09231
-2.19843
-2.28101
-2.35981
-1.11268
-2.39686
-2.40942
-1.60387
-2.54866
-2.25633
-2.72156
-2.46635
-1.73571
0.370897
2.77796
2.36095
1.05782
2.44505
2.29721
2.27606
2.17521
2.12893
1.03679
2.55233
2.07307
2.23289
2.16377
2.1402
2.41544
1.17228
2.38479
2.38831
2.40215
2.35867
2.62185
2.27967
2.50911
2.39118
1.30207
2.17416
2.37966
0.93098
-0.586775
-1.37784
-3.10408
-1.96082
-2.59361
-2.20988
-2.63136
-2.51083
-2.39505
-0.891611
-2.61963
-2.61759
-2.67832
-2.17411
-1.21021
-2.44373
-2.39686
-2.01586
-2.62142
-2.04733
-2.3769
-2.45203
-1.43218
-3.25573
-1.17953
-2.35604
-2.83668
-2.22342
-1.87469
-0.106177
2.98535
2.9022
1.85471
2.35226
1.15495
2.39402
2.02476
2.2368
2.23295
2.6005
1.94584
2.34735
0.940979
2.09947
2.1903
2.51461
2.27646
2.44649
1.03889
2.5192
2.22339
2.49242
1.91204
2.27404
1.00357
2.37193
2.25134
2.25178
-1.28432
-3.31709
-1.1707
-2.30473
-2.37974
-3.97488
-1.29192
-2.19633
-2.55741
-2.52659
-2.6086
-2.27326
-1.38282
-2.57519
-2.47882
-1.926
-2.35638
-1.17314
-2.30346
-2.21497
-2.48495
-2.38605
-1.14629
-2.05217
-2.28085
-2.57755
-2.77244
-1.90152
-2.66874
1.48478
2.94708
1.23089
3.0214
1.14893
3.42302
2.39037
1.66057
2.18834
2.38126
2.28546
2.0374
2.25904
1.99777
1.25608
2.26202
2.4896
2.30051
1.2148
2.31028
2.29233
2.3048
2.67477
2.41409
2.33642
0.996089
3.44713
1.85688
-0.566928
-3.13981
-2.32819
-2.30931
-2.4298
-2.78175
-2.30217
-2.49483
-2.58614
-2.55472
-2.50412
-2.495
-2.64986
-2.032
-2.48816
-2.1466
-2.38872
-2.19638
-2.41898
-2.50484
-2.20906
-1.92282
-2.48481
-2.73264
-2.67924
-2.4633
-1.60773
-0.00332947
2.50241
2.79576
2.11598
2.26925
2.32258
2.25505
2.1923
2.15009
2.48855
2.21746
2.1333
2.13146
2.34625
2.33804
2.41191
2.5591
2.36084
2.37003
2.32955
2.59864
1.14875
2.5678
2.20553
2.31956
2.21583
2.3699
0.336005
-1.2985
-2.84458
-1.38781
-2.01444
-2.39867
-2.58318
-2.74865
-0.720538
-2.21323
-2.49899
-2.82985
-1.1831
-2.23206
-2.26118
-2.54935
-2.52084
-2.40595
-1.97274
-2.61414
-2.01668
-2.40609
-2.59479
-2.20925
-2.34868
-2.26376
-3.05012
-2.32025
-2.17933
-0.923414
2.34102
2.95839
2.21341
2.15792
2.45267
2.31357
2.04092
2.3826
2.29648
2.71026
1.85523
2.34156
1.84553
1.13267
2.36238
2.58484
2.4244
2.26419
1.10485
2.58107
1.88282
2.47882
2.45514
2.6122
1.12768
2.05844
2.19462
2.22917
-0.185594
-3.29095
-2.22625
-1.24644
-1.96865
-2.72067
-2.5747
-2.05212
-2.09912
-2.62167
-2.63584
-1.25547
-2.32234
-2.94721
-2.36655
-2.36664
-1.02039
-2.36748
-2.25005
-2.1962
-2.27747
-2.58879
-2.27497
-1.08968
-2.13064
-2.65437
-2.68976
-2.46144
-2.21984
0.240296
3.31257
2.53075
2.27076
2.13648
2.35656
2.3522
2.00019
1.78706
2.53743
2.34486
2.17537
2.20571
1.09277
2.09833
2.37704
2.3245
2.48527
2.39559
2.22032
2.60793
2.3099
2.64363
2.29735
2.37281
2.19183
2.26055
1.34171
-1.07861
-3.3134
-2.13165
-2.32961
-2.26694
-2.5745
-2.51843
-1.28529
-2.36003
-2.59245
-2.36376
-2.53874
-1.13909
-2.72329
-2.15248
-1.72415
-2.14715
-2.36047
-1.03928
-2.45932
-2.27385
-2.6402
-1.51341
-2.37019
-2.27156
-2.82659
-2.34003
-2.16458
-0.474955
1.86854
2.79938
2.28459
2.27154
2.18913
2.35194
2.33764
2.33257
2.30697
2.35285
0.995371
2.15301
2.15806
2.26847
2.33167
2.26056
2.5614
2.16553
2.49251
2.23006
2.53158
2.47373
1.25445
2.23951
2.38351
2.24178
2.37792
0.468007
-0.814781
-2.36269
-2.61951
-2.16892
-2.35084
-1.2157
-2.95082
-2.22842
-2.27471
-2.49099
-2.69922
-2.1929
-1.39176
-2.60093
-2.52777
-2.14605
-2.40754
-2.1191
-2.55716
-1.91138
-2.5389
-2.59235
-2.08928
-2.23754
-2.34093
-2.85459
-2.19496
-2.32384
0.219948
2.77419
2.97182
1.99928
2.13947
2.3337
2.53126
1.91948
2.29901
2.39773
2.32424
1.98181
2.46443
2.25714
2.07983
2.44365
2.3111
2.66049
2.22967
2.4524
2.01402
2.68543
2.34551
2.34526
1.03676
2.38241
2.38809
2.24402
-0.780097
-1.70638
-3.18032
-2.32306
-2.18852
-2.8125
-2.3924
-1.22574
-2.1763
-2.68987
-2.54281
-2.68144
-2.34628
-1.38711
-2.57081
-2.55754
-1.97819
-2.34089
-2.31521
-3.14069
-2.31262
-1.36523
-2.3318
-2.31883
-2.0171
-2.43034
-2.73735
-2.28551
-2.29241
-0.364318
1.94782
3.18968
2.51341
1.79219
2.45794
1.95696
2.03247
2.14592
2.52208
2.218
2.17054
2.15273
2.29633
0.985336
2.20914
2.20877
2.45385
2.37159
2.44575
2.3111
2.53534
2.53268
2.40148
2.54161
1.07451
2.42892
2.01805
1.78705
-0.178432
-3.3406
-2.20738
-2.35344
-1.06748
-2.38482
-2.88169
-2.46029
-2.31373
-2.77824
-2.34318
-1.23438
-2.37072
-2.80324
-2.10196
-2.57438
-2.12943
-2.38036
-2.14435
-1.21129
-2.19598
-2.7425
-2.03687
-2.01553
-1.26894
-2.22123
-2.50128
-2.38921
-2.09809
-0.236653
1.99305
2.81329
2.2573
5.62034
2.14167
2.39185
1.05374
2.30473
2.35509
2.10516
2.13259
2.34057
2.08528
2.36435
2.44598
2.50867
1.08899
2.43177
2.44631
2.49949
2.45031
1.3508
3.42819
1.35469
2.40565
2.15767
-0.151016
-0.769431
-2.63275
-1.98532
-2.00564
-2.48668
-1.20523
-2.68924
-1.87543
-2.73639
-2.56515
-2.81593
-2.28569
-2.83122
-2.12352
-2.55606
-2.15228
-2.07696
-2.44228
-2.05163
-1.15995
-2.41545
-2.58039
-2.11675
-2.32146
-2.61366
-2.97783
-2.15877
-2.21484
0.0387038
2.87923
2.85754
2.01459
2.28151
2.29699
2.38554
1.82172
2.24397
2.60695
2.34287
2.02137
2.17225
2.22464
2.10437
2.47462
2.32553
2.54488
2.28229
2.5732
1.89305
2.55608
2.43907
2.52029
1.0402
2.46251
2.13222
1.77373
0.00838683
-2.96266
-2.8978
-2.23712
-2.08008
-2.53828
-2.76721
-1.24245
-2.21067
-2.71739
-3.93577
-1.04076
-3.74079
-1.0186
-3.42975
-2.12987
-1.22622
-2.16105
-2.3436
-1.97471
-2.73414
-2.35128
-1.14197
-3.20079
-1.27543
-3.96505
-2.25847
-2.21785
0.255869
3.45696
1.23653
3.09579
2.242
2.16672
1.73349
1.13518
3.46706
1.34228
3.36073
2.11943
2.32534
2.07603
2.39818
2.15182
1.30329
2.33549
2.50434
2.25009
1.29036
2.36314
2.63391
2.30709
1.23485
3.34836
1.30714
2.32158
1.76942
-1.71092
-3.45322
-2.04636
-1.23015
-2.22346
-3.743
-2.3786
-2.41777
-2.94146
-2.30691
-2.52018
-2.43461
-1.41289
-2.02845
-2.71203
-2.24404
-2.32923
-1.10744
-2.35298
-2.15113
-0.902377
-2.57453
-3.50593
-2.30355
-2.62172
-2.31071
-2.58003
-0.956741
1.00732
1.21913
3.85369
2.23075
2.13818
2.36333
2.03012
2.31139
2.18818
2.59996
1.97772
2.00827
2.17177
2.27134
2.49138
2.22578
2.65799
1.08929
2.55537
2.24431
2.42954
2.41185
2.61655
2.26678
2.12611
2.43601
1.93738
-0.000144451
-1.68749
-3.17747
-1.81039
-2.62766
-2.14082
-2.76535
-1.83813
-2.69222
-2.37795
-2.76927
-2.49084
-2.52665
-2.3798
-1.41681
-2.15556
-2.41651
-2.06935
-2.36926
-2.12003
-2.39229
-2.65109
-2.07684
-2.30462
-2.24463
-2.81732
-2.27476
-1.15666
